#! FIELDS time D1.min D2.min D3 D4 D5.min
 0.000000 0.098026 0.097913 0.144087 0.232644 0.231625
 1.000000 0.129669 0.100648 0.125148 0.297622 0.111906
 2.000000 0.143649 0.106080 0.132310 0.298404 0.101183
 3.000000 0.162062 0.097391 0.131030 0.320080 0.097499
 4.000000 0.153864 0.098362 0.130200 0.319808 0.098798
 5.000000 0.142762 0.100245 0.137419 0.282859 0.104067
 6.000000 0.152886 0.108780 0.132729 0.311748 0.102083
 7.000000 0.110245 0.101232 0.132688 0.296250 0.135078
 8.000000 0.105721 0.100693 0.134540 0.293399 0.141495
 9.000000 0.103024 0.098250 0.136580 0.282154 0.132125
 10.000000 0.108982 0.096031 0.138690 0.304599 0.134473
 11.000000 0.102245 0.099045 0.134227 0.288293 0.143192
 12.000000 0.108152 0.094663 0.136722 0.299823 0.127570
 13.000000 0.109986 0.098737 0.132442 0.290100 0.118651
 14.000000 0.146199 0.100045 0.136777 0.305066 0.103798
 15.000000 0.103310 0.097560 0.128051 0.232269 0.164764
 16.000000 0.137444 0.101079 0.130817 0.309761 0.103141
 17.000000 0.162914 0.100424 0.127711 0.294853 0.098412
 18.000000 0.137703 0.097062 0.125355 0.300403 0.103412
 19.000000 0.131248 0.101479 0.126131 0.306635 0.117584
 20.000000 0.126218 0.097062 0.132959 0.295949 0.112539
 21.000000 0.140178 0.096881 0.125260 0.298757 0.102937
 22.000000 0.147058 0.100504 0.125367 0.284473 0.105233
 23.000000 0.167389 0.102010 0.128281 0.313543 0.100767
 24.000000 0.146099 0.107499 0.128488 0.277628 0.100702
 25.000000 0.139363 0.099282 0.131704 0.283586 0.101286
 26.000000 0.136312 0.098803 0.128378 0.294355 0.104159
 27.000000 0.125996 0.099121 0.128752 0.308159 0.110445
 28.000000 0.143548 0.103175 0.135521 0.296476 0.103499
 29.000000 0.164012 0.101848 0.129719 0.287858 0.098737
 30.000000 0.152663 0.098239 0.127193 0.304041 0.100821
 31.000000 0.161319 0.100926 0.129831 0.317403 0.100483
 32.000000 0.155322 0.104714 0.135359 0.298134 0.100891
 33.000000 0.168979 0.098859 0.131488 0.313638 0.103179
 34.000000 0.145117 0.097134 0.135222 0.298521 0.107261
 35.000000 0.139262 0.098148 0.131617 0.314363 0.105038
 36.000000 0.146768 0.098559 0.129653 0.298186 0.106019
 37.000000 0.151648 0.101302 0.126609 0.304189 0.104700
 38.000000 0.144354 0.102596 0.130096 0.295162 0.102479
 39.000000 0.143147 0.102616 0.131404 0.277436 0.105086
 40.000000 0.141877 0.095388 0.131130 0.312439 0.107397
 41.000000 0.142176 0.097827 0.134030 0.299409 0.104211
 42.000000 0.141655 0.097263 0.130096 0.287254 0.100846
 43.000000 0.134436 0.099040 0.134086 0.289962 0.107583
 44.000000 0.145441 0.098676 0.129592 0.304825 0.104408
 45.000000 0.134146 0.108527 0.128973 0.294207 0.098397
 46.000000 0.143457 0.101612 0.127161 0.292387 0.104671
 47.000000 0.141205 0.096364 0.128140 0.299042 0.106851
 48.000000 0.151198 0.106160 0.130511 0.298613 0.099815
 49.000000 0.154017 0.100165 0.130299 0.300270 0.103436
 50.000000 0.158855 0.108342 0.130077 0.273256 0.100469
 51.000000 0.154567 0.095750 0.128752 0.283357 0.097391
 52.000000 0.147170 0.094021 0.131647 0.305159 0.101912
 53.000000 0.134826 0.104120 0.131248 0.297968 0.106447
 54.000000 0.150536 0.101730 0.126925 0.316898 0.101049
 55.000000 0.146986 0.095295 0.131985 0.293477 0.105575
 56.000000 0.150553 0.096354 0.130935 0.301719 0.100469
 57.000000 0.151710 0.102596 0.130138 0.297663 0.101010
 58.000000 0.148573 0.099975 0.131061 0.307164 0.104063
 59.000000 0.153946 0.102903 0.133379 0.281329 0.102122
 60.000000 0.138957 0.100852 0.133933 0.316430 0.104321
 61.000000 0.144748 0.100980 0.133398 0.288295 0.107689
 62.000000 0.166535 0.102157 0.128942 0.313997 0.099659
 63.000000 0.159430 0.097391 0.131807 0.295825 0.100543
 64.000000 0.152062 0.098371 0.130111 0.311393 0.101705
 65.000000 0.150934 0.103286 0.128453 0.301683 0.099217
 66.000000 0.169617 0.095969 0.126432 0.318024 0.103605
 67.000000 0.160340 0.100841 0.128055 0.303826 0.098889
 68.000000 0.156873 0.102684 0.130756 0.315710 0.104752
 69.000000 0.152319 0.101213 0.130388 0.308065 0.106527
 70.000000 0.171537 0.095514 0.129750 0.307277 0.101651
 71.000000 0.139678 0.100807 0.129112 0.294742 0.109449
 72.000000 0.149807 0.103097 0.132133 0.282602 0.105854
 73.000000 0.155016 0.101494 0.130538 0.286306 0.100265
 74.000000 0.132744 0.098939 0.133075 0.305735 0.107424
 75.000000 0.141817 0.099283 0.134142 0.301227 0.098904
 76.000000 0.143927 0.105806 0.132834 0.285802 0.100005
 77.000000 0.137025 0.094462 0.128453 0.297770 0.109813
 78.000000 0.139122 0.099444 0.129078 0.305121 0.100980
 79.000000 0.146163 0.106061 0.133116 0.304697 0.103682
 80.000000 0.170676 0.099770 0.130499 0.303927 0.102357
 81.000000 0.144351 0.102596 0.132552 0.304436 0.096276
 82.000000 0.148074 0.099870 0.136430 0.287536 0.106160
 83.000000 0.163539 0.099303 0.125064 0.311212 0.103639
 84.000000 0.168905 0.097637 0.126040 0.304173 0.096675
 85.000000 0.161973 0.098858 0.134551 0.307612 0.095153
 86.000000 0.143353 0.097601 0.135801 0.324415 0.102893
 87.000000 0.147990 0.097335 0.131886 0.310826 0.100309
 88.000000 0.154470 0.100025 0.132053 0.327578 0.098529
 89.000000 0.162643 0.101040 0.134763 0.296731 0.100305
 90.000000 0.163825 0.097990 0.129657 0.309968 0.100524
 91.000000 0.147655 0.099343 0.135716 0.277316 0.099101
 92.000000 0.131271 0.106175 0.133237 0.283725 0.105773
 93.000000 0.126799 0.093140 0.132223 0.306116 0.107340
 94.000000 0.138398 0.096943 0.129541 0.308261 0.101656
 95.000000 0.147584 0.100145 0.127440 0.298324 0.103985
 96.000000 0.135624 0.096359 0.128973 0.308757 0.110793
 97.000000 0.147594 0.104019 0.128043 0.306025 0.100499
 98.000000 0.144285 0.093520 0.128604 0.314251 0.110766
 99.000000 0.145887 0.098132 0.129692 0.313046 0.110747
 100.000000 0.131772 0.103019 0.131355 0.325131 0.107499
 101.000000 0.128199 0.096183 0.131221 0.305807 0.104699
 102.000000 0.115503 0.105816 0.133417 0.305749 0.123980
 103.000000 0.115352 0.097745 0.131791 0.299089 0.131746
 104.000000 0.088442 0.097216 0.139173 0.224858 0.229695
 105.000000 0.107004 0.093643 0.140046 0.226497 0.186161
 106.000000 0.093654 0.087920 0.136448 0.232220 0.212087
 107.000000 0.103242 0.107154 0.132488 0.243938 0.173171
 108.000000 0.096695 0.100802 0.139843 0.232321 0.219941
 109.000000 0.100230 0.100100 0.127460 0.242922 0.171459
 110.000000 0.096141 0.100985 0.132868 0.258035 0.204707
 111.000000 0.097990 0.093236 0.135978 0.254112 0.218094
 112.000000 0.099025 0.109384 0.134510 0.235858 0.129588
 113.000000 0.096322 0.099408 0.135945 0.267080 0.195021
 114.000000 0.096509 0.095069 0.133300 0.260173 0.198275
 115.000000 0.100449 0.099101 0.138073 0.239596 0.165490
 116.000000 0.097124 0.100295 0.135532 0.258652 0.151796
 117.000000 0.104962 0.098194 0.137218 0.295066 0.171604
 118.000000 0.090581 0.103010 0.135240 0.262374 0.153746
 119.000000 0.098494 0.102025 0.132163 0.253119 0.167896
 120.000000 0.090692 0.096151 0.141032 0.221326 0.211182
 121.000000 0.106748 0.098499 0.136883 0.226667 0.165033
 122.000000 0.091488 0.102747 0.133154 0.281578 0.152961
 123.000000 0.107866 0.099549 0.133060 0.268941 0.164760
 124.000000 0.102669 0.098823 0.137499 0.255996 0.158732
 125.000000 0.105381 0.100564 0.137393 0.242846 0.164551
 126.000000 0.101951 0.099524 0.136985 0.233557 0.187409
 127.000000 0.091984 0.097088 0.137877 0.236447 0.195208
 128.000000 0.092785 0.100065 0.136169 0.234523 0.176584
 129.000000 0.102347 0.098818 0.132627 0.268539 0.163518
 130.000000 0.105755 0.101138 0.131932 0.275728 0.171817
 131.000000 0.103658 0.095321 0.134800 0.217979 0.211653
 132.000000 0.096985 0.097334 0.134421 0.226638 0.189032
 133.000000 0.098818 0.094921 0.135684 0.219258 0.181772
 134.000000 0.099000 0.097288 0.140221 0.228705 0.169251
 135.000000 0.098939 0.097190 0.133150 0.248330 0.186794
 136.000000 0.098813 0.098326 0.139133 0.230963 0.210347
 137.000000 0.099975 0.097765 0.136224 0.252470 0.231867
 138.000000 0.100125 0.096052 0.132341 0.246475 0.178216
 139.000000 0.095168 0.097581 0.139521 0.270448 0.167102
 140.000000 0.102888 0.104312 0.139821 0.245650 0.179438
 141.000000 0.101035 0.103141 0.132669 0.238902 0.244296
 142.000000 0.103048 0.095005 0.135834 0.246680 0.192902
 143.000000 0.103750 0.097329 0.138112 0.238254 0.154913
 144.000000 0.139068 0.095504 0.132461 0.297931 0.101356
 145.000000 0.146901 0.101578 0.131019 0.286786 0.112730
 146.000000 0.154266 0.098636 0.134261 0.285589 0.095189
 147.000000 0.099865 0.098697 0.135831 0.265310 0.246353
 148.000000 0.093670 0.094879 0.132416 0.259029 0.248970
 149.000000 0.100603 0.094287 0.136139 0.258205 0.209631
 150.000000 0.096840 0.095567 0.136656 0.235484 0.267559
 151.000000 0.095525 0.095005 0.140943 0.253842 0.291674
 152.000000 0.095755 0.101774 0.143840 0.257441 0.250450
 153.000000 0.098433 0.094931 0.135981 0.253010 0.225526
 154.000000 0.103557 0.098686 0.129349 0.237826 0.238985
 155.000000 0.095776 0.102937 0.134588 0.260917 0.254910
 156.000000 0.099303 0.095885 0.136708 0.254710 0.288411
 157.000000 0.099449 0.102572 0.136561 0.294691 0.317363
 158.000000 0.100827 0.098879 0.142752 0.282450 0.319705
 159.000000 0.099654 0.095100 0.140211 0.286106 0.287649
 160.000000 0.094350 0.099830 0.139273 0.236413 0.191003
 161.000000 0.098722 0.099010 0.133274 0.252176 0.177733
 162.000000 0.100866 0.097949 0.133308 0.245288 0.154832
 163.000000 0.129907 0.099408 0.133308 0.293121 0.113644
 164.000000 0.145760 0.100826 0.132189 0.309692 0.106109
 165.000000 0.147109 0.110657 0.130492 0.301281 0.102728
 166.000000 0.094372 0.092315 0.149141 0.223969 0.206449
 167.000000 0.104752 0.102699 0.146564 0.247453 0.175639
 168.000000 0.092309 0.097734 0.139692 0.243996 0.210431
 169.000000 0.087567 0.092871 0.138297 0.248439 0.183095
 170.000000 0.106023 0.097514 0.132488 0.293341 0.132246
 171.000000 0.108338 0.096390 0.140336 0.303725 0.134439
 172.000000 0.149903 0.112277 0.129773 0.297842 0.098194
 173.000000 0.144789 0.100678 0.136499 0.288133 0.105816
 174.000000 0.160240 0.100901 0.132110 0.304232 0.097781
 175.000000 0.149456 0.099624 0.131111 0.287561 0.097067
 176.000000 0.146509 0.102103 0.144361 0.305133 0.103774
 177.000000 0.139861 0.096431 0.127914 0.270989 0.099267
 178.000000 0.145303 0.097463 0.130480 0.299655 0.101297
 179.000000 0.140943 0.102010 0.139133 0.301417 0.104981
 180.000000 0.147929 0.099136 0.130004 0.304921 0.101040
 181.000000 0.153919 0.099624 0.134142 0.309309 0.103078
 182.000000 0.137985 0.095441 0.130464 0.303756 0.106155
 183.000000 0.139101 0.096026 0.136763 0.311978 0.103590
 184.000000 0.158215 0.094324 0.134629 0.300812 0.095859
 185.000000 0.149466 0.105423 0.132522 0.300365 0.103986
 186.000000 0.140702 0.101020 0.136623 0.302281 0.104312
 187.000000 0.146445 0.098879 0.135624 0.306513 0.099990
 188.000000 0.143621 0.098066 0.135373 0.306898 0.101985
 189.000000 0.161471 0.100265 0.129472 0.305360 0.096959
 190.000000 0.144267 0.100055 0.136430 0.303193 0.103412
 191.000000 0.153000 0.100926 0.134037 0.304023 0.101612
 192.000000 0.147797 0.103913 0.137335 0.316084 0.103451
 193.000000 0.148115 0.098479 0.131397 0.310192 0.102421
 194.000000 0.155528 0.100105 0.135484 0.298640 0.101760
 195.000000 0.136323 0.098646 0.135315 0.303465 0.105740
 196.000000 0.138651 0.103702 0.137801 0.303198 0.102186
 197.000000 0.148850 0.104585 0.133847 0.305026 0.101750
 198.000000 0.135835 0.102708 0.138568 0.305676 0.101361
 199.000000 0.147817 0.098600 0.133724 0.312554 0.100309
 200.000000 0.145255 0.100668 0.136989 0.315742 0.104461
 201.000000 0.139875 0.103058 0.133038 0.285876 0.105171
 202.000000 0.146472 0.106226 0.134093 0.291761 0.099333
 203.000000 0.151059 0.103393 0.133244 0.326469 0.102220
 204.000000 0.116572 0.094789 0.133899 0.279038 0.113974
 205.000000 0.120445 0.101966 0.130426 0.293410 0.115521
 206.000000 0.104120 0.102494 0.133757 0.301801 0.139721
 207.000000 0.137891 0.099303 0.137616 0.304515 0.104293
 208.000000 0.156541 0.101553 0.135207 0.298250 0.099283
 209.000000 0.156774 0.100842 0.134840 0.313809 0.102127
 210.000000 0.140246 0.102850 0.135871 0.297862 0.099086
 211.000000 0.147736 0.098656 0.137499 0.300688 0.107597
 212.000000 0.147804 0.098234 0.134985 0.303482 0.103721
 213.000000 0.160106 0.099544 0.133634 0.311997 0.096954
 214.000000 0.144399 0.098722 0.136305 0.290117 0.100678
 215.000000 0.164058 0.100245 0.130016 0.301927 0.094895
 216.000000 0.148196 0.102435 0.138051 0.305583 0.099855
 217.000000 0.157119 0.101794 0.132231 0.292497 0.099730
 218.000000 0.161944 0.100349 0.132401 0.303622 0.101980
 219.000000 0.156208 0.098000 0.130069 0.304600 0.100519
 220.000000 0.148462 0.098010 0.132461 0.298610 0.107131
 221.000000 0.158168 0.098763 0.129942 0.309533 0.099252
 222.000000 0.100578 0.098560 0.134774 0.286651 0.142650
 223.000000 0.148960 0.099694 0.132042 0.315030 0.104393
 224.000000 0.105456 0.097262 0.136550 0.206463 0.216476
 225.000000 0.095294 0.100534 0.136305 0.242763 0.204814
 226.000000 0.122495 0.099343 0.131366 0.301179 0.114843
 227.000000 0.124109 0.099363 0.141397 0.294527 0.113093
 228.000000 0.128394 0.106949 0.137851 0.312879 0.105428
 229.000000 0.140560 0.102474 0.125770 0.298062 0.103092
 230.000000 0.156925 0.101833 0.133319 0.270605 0.102426
 231.000000 0.125256 0.124651 0.136066 0.315482 0.100628
 232.000000 0.144475 0.103947 0.138090 0.315514 0.104981
 233.000000 0.142789 0.110322 0.131259 0.311578 0.104895
 234.000000 0.150629 0.108977 0.129591 0.297837 0.100688
 235.000000 0.142133 0.100742 0.135805 0.306602 0.098153
 236.000000 0.106452 0.102670 0.131290 0.295195 0.132261
 237.000000 0.103170 0.095797 0.135148 0.280195 0.151043
 238.000000 0.099025 0.103561 0.133226 0.298490 0.139323
 239.000000 0.104623 0.102849 0.130725 0.295307 0.126851
 240.000000 0.131792 0.095211 0.129163 0.302742 0.109421
 241.000000 0.140289 0.098702 0.136257 0.307971 0.102932
 242.000000 0.138072 0.101513 0.133124 0.311119 0.106870
 243.000000 0.158345 0.096488 0.133015 0.308023 0.098863
 244.000000 0.138716 0.097123 0.132473 0.292904 0.102088
 245.000000 0.099624 0.098066 0.138452 0.232828 0.245098
 246.000000 0.098194 0.095818 0.132514 0.233814 0.268211
 247.000000 0.092893 0.099182 0.137201 0.230100 0.255318
 248.000000 0.099403 0.096109 0.135315 0.243257 0.258066
 249.000000 0.102611 0.095958 0.132612 0.248395 0.255227
 250.000000 0.092542 0.095791 0.136312 0.226128 0.312359
 251.000000 0.098864 0.098651 0.132834 0.248399 0.265994
 252.000000 0.101124 0.099529 0.130767 0.233365 0.295513
 253.000000 0.096421 0.099202 0.134391 0.227583 0.253980
 254.000000 0.094377 0.094345 0.133510 0.243092 0.261836
 255.000000 0.099136 0.095760 0.136287 0.252496 0.204132
 256.000000 0.100320 0.095609 0.133278 0.246794 0.179847
 257.000000 0.099121 0.103387 0.133607 0.259940 0.186089
 258.000000 0.093038 0.095838 0.133207 0.253294 0.177226
 259.000000 0.100529 0.101769 0.135015 0.223123 0.263951
 260.000000 0.100787 0.100703 0.132774 0.221937 0.258324
 261.000000 0.098051 0.096613 0.134194 0.231556 0.250667
 262.000000 0.096690 0.100170 0.135835 0.211580 0.257604
 263.000000 0.095906 0.096234 0.131928 0.235334 0.201603
 264.000000 0.096073 0.095300 0.140382 0.214159 0.284033
 265.000000 0.096514 0.099267 0.136265 0.221531 0.266224
 266.000000 0.096819 0.094350 0.141156 0.221504 0.240858
 267.000000 0.099378 0.101297 0.137880 0.218005 0.192837
 268.000000 0.098843 0.095184 0.141623 0.213694 0.203949
 269.000000 0.095989 0.099308 0.139133 0.241021 0.193706
 270.000000 0.096405 0.100050 0.143214 0.215750 0.225697
 271.000000 0.096845 0.096587 0.131739 0.261366 0.207299
 272.000000 0.100444 0.101558 0.136733 0.235087 0.173600
 273.000000 0.099725 0.098428 0.134026 0.245787 0.169862
 274.000000 0.099368 0.098884 0.137386 0.232736 0.206662
 275.000000 0.098031 0.100722 0.137353 0.232200 0.204326
 276.000000 0.095739 0.100050 0.136155 0.240106 0.174439
 277.000000 0.093322 0.099544 0.138856 0.239035 0.160857
 278.000000 0.095885 0.097637 0.135207 0.247301 0.204365
 279.000000 0.095676 0.095791 0.136382 0.239842 0.214339
 280.000000 0.098843 0.099041 0.132246 0.253673 0.238657
 281.000000 0.101666 0.097427 0.136682 0.263034 0.201624
 282.000000 0.101336 0.097067 0.136543 0.223580 0.231126
 283.000000 0.099644 0.098412 0.138471 0.249450 0.204766
 284.000000 0.095126 0.100703 0.140805 0.226963 0.220334
 285.000000 0.101612 0.096778 0.139360 0.229793 0.229369
 286.000000 0.099654 0.096151 0.151321 0.215253 0.198179
 287.000000 0.092304 0.098036 0.134588 0.237796 0.192096
 288.000000 0.093840 0.095530 0.136811 0.243247 0.168434
 289.000000 0.163645 0.102499 0.136264 0.273256 0.093910
 290.000000 0.095718 0.103701 0.131811 0.251175 0.216215
 291.000000 0.096177 0.089872 0.130981 0.268200 0.219547
 292.000000 0.099670 0.108453 0.132144 0.298060 0.205888
 293.000000 0.098316 0.172528 0.132789 0.288078 0.093370
 294.000000 0.098235 0.151245 0.133229 0.301632 0.111584
 295.000000 0.097724 0.163857 0.131278 0.273907 0.100165
 296.000000 0.098540 0.153131 0.136657 0.280109 0.104552
 297.000000 0.100737 0.130054 0.135580 0.258767 0.106471
 298.000000 0.099905 0.161981 0.134272 0.277036 0.102382
 299.000000 0.097391 0.155493 0.137076 0.284930 0.103465
 300.000000 0.096716 0.151175 0.133165 0.288732 0.099965
 301.000000 0.099629 0.135893 0.132914 0.281904 0.108798
 302.000000 0.101657 0.164259 0.131568 0.312738 0.104575
 303.000000 0.098555 0.144631 0.131034 0.299715 0.111014
 304.000000 0.096468 0.148125 0.128519 0.249636 0.097571
 305.000000 0.097437 0.162877 0.137412 0.284377 0.108600
 306.000000 0.099524 0.156633 0.133390 0.282032 0.108065
 307.000000 0.099343 0.157727 0.134142 0.310395 0.112916
 308.000000 0.102435 0.164000 0.138282 0.308503 0.109859
 309.000000 0.100683 0.182708 0.140929 0.314517 0.095593
 310.000000 0.098005 0.164223 0.133484 0.280622 0.100095
 311.000000 0.095609 0.102815 0.136679 0.233707 0.163196
 312.000000 0.098204 0.099975 0.140432 0.298062 0.147445
 313.000000 0.133282 0.100025 0.129128 0.305078 0.108853
 314.000000 0.135993 0.105542 0.136488 0.293513 0.105124
 315.000000 0.134856 0.095593 0.131049 0.306607 0.101479
 316.000000 0.102805 0.173260 0.133421 0.286349 0.097118
 317.000000 0.098519 0.163221 0.135355 0.285214 0.106836
 318.000000 0.099207 0.169460 0.132333 0.286430 0.098005
 319.000000 0.101435 0.171285 0.132190 0.307587 0.097929
 320.000000 0.101578 0.167359 0.129699 0.268645 0.098600
 321.000000 0.095635 0.159669 0.137499 0.290880 0.098377
 322.000000 0.097923 0.159028 0.130786 0.316244 0.096462
 323.000000 0.096280 0.152082 0.135805 0.302167 0.102421
 324.000000 0.100916 0.167911 0.134896 0.299640 0.100215
 325.000000 0.103557 0.146294 0.130836 0.318832 0.099464
 326.000000 0.100265 0.155698 0.136474 0.315051 0.096628
 327.000000 0.101484 0.158886 0.134317 0.298875 0.102029
 328.000000 0.102108 0.091028 0.134774 0.248365 0.203256
 329.000000 0.107355 0.091378 0.134455 0.278387 0.176369
 330.000000 0.102947 0.107930 0.131278 0.308548 0.135107
 331.000000 0.097447 0.103644 0.138083 0.281560 0.149168
 332.000000 0.100747 0.100782 0.134985 0.287071 0.141375
 333.000000 0.104389 0.102157 0.133540 0.305187 0.140901
 334.000000 0.097872 0.099091 0.135299 0.307716 0.153968
 335.000000 0.114114 0.101025 0.139947 0.300847 0.135963
 336.000000 0.104766 0.098280 0.138033 0.288939 0.135768
 337.000000 0.105138 0.103387 0.131886 0.301266 0.130633
 338.000000 0.098595 0.101040 0.137474 0.300565 0.143600
 339.000000 0.106536 0.098702 0.137310 0.318236 0.147112
 340.000000 0.102308 0.102932 0.142257 0.297953 0.142134
 341.000000 0.145069 0.097596 0.134662 0.292865 0.099885
 342.000000 0.136854 0.102440 0.132914 0.287070 0.105385
 343.000000 0.135757 0.101970 0.137790 0.290415 0.105076
 344.000000 0.105948 0.136675 0.130058 0.317796 0.098560
 345.000000 0.098204 0.155090 0.129557 0.316109 0.099147
 346.000000 0.102235 0.157540 0.136543 0.307599 0.103446
 347.000000 0.101084 0.150260 0.131107 0.291481 0.103822
 348.000000 0.097067 0.154110 0.138982 0.324674 0.099378
 349.000000 0.097781 0.159161 0.132261 0.315198 0.105195
 350.000000 0.104623 0.160044 0.129885 0.303138 0.100005
 351.000000 0.104518 0.154160 0.136030 0.303325 0.103097
 352.000000 0.094747 0.173900 0.132427 0.297903 0.097335
 353.000000 0.106141 0.148399 0.128919 0.310545 0.108116
 354.000000 0.104168 0.163325 0.133015 0.303599 0.100847
 355.000000 0.096182 0.172981 0.133060 0.279671 0.103836
 356.000000 0.096675 0.149519 0.134633 0.321854 0.103952
 357.000000 0.107875 0.143861 0.137244 0.316675 0.098153
 358.000000 0.094202 0.175525 0.133746 0.305576 0.096520
 359.000000 0.095110 0.162213 0.132272 0.316025 0.102098
 360.000000 0.107448 0.165908 0.131381 0.319177 0.102684
 361.000000 0.103971 0.155727 0.131229 0.304230 0.098964
 362.000000 0.097529 0.153967 0.134317 0.311013 0.099589
 363.000000 0.103291 0.172652 0.134763 0.289708 0.099494
 364.000000 0.096555 0.166301 0.132759 0.325842 0.099749
 365.000000 0.104173 0.160240 0.136275 0.304948 0.095713
 366.000000 0.101000 0.157728 0.131518 0.316206 0.095053
 367.000000 0.100305 0.106799 0.134659 0.306832 0.142678
 368.000000 0.129031 0.100842 0.132099 0.305205 0.107764
 369.000000 0.136883 0.100648 0.131750 0.303547 0.108397
 370.000000 0.147231 0.102528 0.134940 0.302242 0.103923
 371.000000 0.132424 0.102504 0.130061 0.301929 0.106644
 372.000000 0.150310 0.107675 0.134138 0.312027 0.095807
 373.000000 0.133229 0.098965 0.129066 0.272745 0.104038
 374.000000 0.143732 0.100484 0.135241 0.273723 0.103194
 375.000000 0.147959 0.106790 0.132492 0.287620 0.105214
 376.000000 0.165509 0.096405 0.136751 0.292269 0.097386
 377.000000 0.101262 0.170696 0.137528 0.273339 0.099695
 378.000000 0.097719 0.173565 0.131244 0.324040 0.099363
 379.000000 0.100409 0.155335 0.138579 0.314275 0.099720
 380.000000 0.099207 0.164809 0.137583 0.266882 0.098742
 381.000000 0.097232 0.169251 0.136206 0.298801 0.100369
 382.000000 0.098148 0.139521 0.135085 0.316400 0.106550
 383.000000 0.167623 0.098418 0.130912 0.265733 0.091449
 384.000000 0.177426 0.101302 0.130741 0.273064 0.095488
 385.000000 0.148731 0.100578 0.129000 0.297130 0.110960
 386.000000 0.149726 0.098484 0.127440 0.315358 0.106236
 387.000000 0.127570 0.099549 0.130893 0.312195 0.112298
 388.000000 0.113745 0.096260 0.135871 0.309377 0.125638
 389.000000 0.123101 0.100851 0.136945 0.319947 0.120424
 390.000000 0.151887 0.104350 0.132113 0.296847 0.105627
 391.000000 0.148125 0.097494 0.128514 0.291386 0.099765
 392.000000 0.133649 0.095974 0.130587 0.293772 0.109366
 393.000000 0.140403 0.104067 0.132276 0.307252 0.103344
 394.000000 0.147882 0.107466 0.132925 0.335520 0.102127
 395.000000 0.146701 0.109481 0.135418 0.314027 0.104709
 396.000000 0.114149 0.099252 0.129685 0.297336 0.126629
 397.000000 0.150499 0.099106 0.130633 0.307280 0.100946
 398.000000 0.154923 0.099282 0.131792 0.307731 0.102226
 399.000000 0.156630 0.101153 0.128798 0.304271 0.103716
 400.000000 0.150735 0.102689 0.130407 0.291576 0.100369
 401.000000 0.144236 0.103875 0.134242 0.295928 0.096447
 402.000000 0.144569 0.101361 0.130100 0.293121 0.108913
 403.000000 0.154075 0.101667 0.135624 0.304547 0.102888
 404.000000 0.157946 0.102465 0.131305 0.302395 0.099283
 405.000000 0.138484 0.101627 0.133738 0.295369 0.105466
 406.000000 0.135281 0.103136 0.128880 0.302982 0.106372
 407.000000 0.149268 0.095446 0.126483 0.294768 0.101985
 408.000000 0.153971 0.099091 0.130100 0.312038 0.105570
 409.000000 0.152762 0.102577 0.131415 0.291680 0.095823
 410.000000 0.147397 0.099800 0.132405 0.304858 0.104312
 411.000000 0.140303 0.099825 0.134078 0.302718 0.104995
 412.000000 0.160661 0.102840 0.136404 0.304071 0.100817
 413.000000 0.177443 0.104408 0.128631 0.298602 0.099509
 414.000000 0.152437 0.098316 0.129804 0.300922 0.100175
 415.000000 0.145770 0.099449 0.136199 0.296604 0.104139
 416.000000 0.146342 0.100975 0.135266 0.305975 0.097877
 417.000000 0.155226 0.098803 0.134477 0.298471 0.103097
 418.000000 0.168202 0.095593 0.133548 0.310916 0.100588
 419.000000 0.142671 0.100975 0.135329 0.305984 0.102621
 420.000000 0.146489 0.101755 0.131301 0.303825 0.100225
 421.000000 0.156640 0.104738 0.130138 0.315368 0.101158
 422.000000 0.144094 0.105556 0.130096 0.300994 0.105721
 423.000000 0.152476 0.098479 0.134388 0.313539 0.100847
 424.000000 0.157404 0.094790 0.128662 0.290162 0.100439
 425.000000 0.144198 0.095446 0.130234 0.308848 0.104695
 426.000000 0.154858 0.094842 0.131579 0.296402 0.100110
 427.000000 0.150396 0.103904 0.129904 0.325818 0.104427
 428.000000 0.145141 0.103938 0.134093 0.302367 0.103716
 429.000000 0.150027 0.098524 0.130004 0.295753 0.100245
 430.000000 0.151212 0.098036 0.133757 0.301917 0.100110
 431.000000 0.156528 0.099161 0.130863 0.267174 0.099509
 432.000000 0.163542 0.104465 0.133398 0.281968 0.100325
 433.000000 0.147044 0.107191 0.133566 0.298439 0.098418
 434.000000 0.164530 0.100305 0.132917 0.261635 0.096587
 435.000000 0.160228 0.104733 0.129715 0.275371 0.098742
 436.000000 0.164052 0.098696 0.130027 0.290692 0.099086
 437.000000 0.156250 0.101420 0.130422 0.311328 0.101730
 438.000000 0.166733 0.099091 0.122335 0.312655 0.099040
 439.000000 0.147533 0.106108 0.131750 0.281839 0.101049
 440.000000 0.159452 0.100095 0.132707 0.285682 0.100020
 441.000000 0.151502 0.095734 0.130526 0.301798 0.101774
 442.000000 0.134067 0.098189 0.133094 0.319271 0.102596
 443.000000 0.170203 0.103426 0.128546 0.304621 0.099589
 444.000000 0.174060 0.096917 0.129437 0.277462 0.096057
 445.000000 0.164663 0.102572 0.133735 0.260670 0.099730
 446.000000 0.153209 0.096897 0.128156 0.301733 0.104413
 447.000000 0.141297 0.101922 0.129012 0.300708 0.100439
 448.000000 0.172863 0.102635 0.130422 0.299993 0.097283
 449.000000 0.167239 0.103620 0.130138 0.310461 0.096897
 450.000000 0.097335 0.158149 0.127844 0.285690 0.101907
 451.000000 0.106635 0.154447 0.129356 0.275581 0.095315
 452.000000 0.100454 0.159481 0.130342 0.316957 0.101715
 453.000000 0.104981 0.140318 0.132306 0.325777 0.102343
 454.000000 0.103484 0.099805 0.130480 0.299821 0.131792
 455.000000 0.143656 0.103116 0.133548 0.303138 0.106004
 456.000000 0.124824 0.097026 0.132352 0.303444 0.115801
 457.000000 0.156516 0.107061 0.133993 0.310055 0.101262
 458.000000 0.141651 0.102616 0.128662 0.295212 0.099564
 459.000000 0.141018 0.100727 0.131518 0.303884 0.106771
 460.000000 0.110168 0.094239 0.131259 0.267099 0.147425
 461.000000 0.103005 0.104202 0.131598 0.293140 0.140957
 462.000000 0.104967 0.098326 0.134533 0.290795 0.138726
 463.000000 0.125940 0.097642 0.131689 0.293343 0.112717
 464.000000 0.159200 0.102460 0.129217 0.299354 0.099383
 465.000000 0.123782 0.095583 0.138181 0.296062 0.114459
 466.000000 0.147492 0.107522 0.133199 0.320014 0.104408
 467.000000 0.120358 0.099443 0.136444 0.305876 0.114843
 468.000000 0.142622 0.101848 0.131160 0.310718 0.104709
 469.000000 0.149428 0.105152 0.136521 0.294805 0.102338
 470.000000 0.121931 0.100648 0.130912 0.312554 0.113035
 471.000000 0.100255 0.093429 0.134436 0.251125 0.195607
 472.000000 0.099870 0.098112 0.131841 0.249666 0.302272
 473.000000 0.098102 0.101750 0.137880 0.235021 0.257792
 474.000000 0.095357 0.093193 0.134034 0.233088 0.238497
 475.000000 0.095000 0.098944 0.137324 0.223331 0.262992
 476.000000 0.098291 0.101907 0.137790 0.222769 0.248952
 477.000000 0.100005 0.097499 0.137419 0.249146 0.321710
 478.000000 0.096690 0.096794 0.131556 0.241033 0.279267
 479.000000 0.094160 0.102494 0.137543 0.210564 0.244187
 480.000000 0.094926 0.100205 0.142102 0.208022 0.229580
 481.000000 0.101262 0.102621 0.144917 0.220431 0.263776
 482.000000 0.098372 0.097376 0.134722 0.225925 0.260008
 483.000000 0.092769 0.097088 0.131886 0.199093 0.245271
 484.000000 0.093915 0.096099 0.136740 0.240958 0.247043
 485.000000 0.099121 0.100364 0.137877 0.217196 0.293667
 486.000000 0.099905 0.098529 0.135400 0.226707 0.294407
 487.000000 0.093926 0.094393 0.140375 0.218909 0.262162
 488.000000 0.101287 0.101079 0.139528 0.209079 0.264823
 489.000000 0.099965 0.102908 0.138384 0.211686 0.271680
 490.000000 0.101104 0.100901 0.144703 0.233917 0.199740
 491.000000 0.158736 0.106156 0.132378 0.285014 0.105986
 492.000000 0.145747 0.102039 0.130008 0.290371 0.099810
 493.000000 0.150588 0.104981 0.131161 0.280323 0.105437
 494.000000 0.147814 0.107954 0.133301 0.295937 0.103629
 495.000000 0.104164 0.094530 0.139068 0.216513 0.257737
 496.000000 0.097129 0.097447 0.136132 0.262490 0.162120
 497.000000 0.106137 0.100270 0.136272 0.308743 0.133690
 498.000000 0.118765 0.100469 0.137597 0.302883 0.122923
 499.000000 0.153519 0.103213 0.137008 0.308832 0.104565
 500.000000 0.131886 0.106118 0.130866 0.296616 0.110792
 501.000000 0.151638 0.102474 0.130924 0.308352 0.101912
 502.000000 0.132646 0.099051 0.136458 0.304688 0.113089
 503.000000 0.132473 0.102103 0.129282 0.296030 0.109859
 504.000000 0.128378 0.098848 0.137124 0.311535 0.109069
 505.000000 0.144291 0.106560 0.130633 0.289256 0.100628
 506.000000 0.167756 0.099589 0.131259 0.309687 0.096918
 507.000000 0.155519 0.104255 0.133398 0.307851 0.097298
 508.000000 0.152280 0.098813 0.131107 0.317660 0.100250
 509.000000 0.154635 0.106424 0.132110 0.313274 0.100668
 510.000000 0.142961 0.094647 0.131928 0.304700 0.104168
 511.000000 0.152319 0.099589 0.127981 0.327116 0.098036
 512.000000 0.152915 0.102772 0.133488 0.314647 0.104733
 513.000000 0.127204 0.096633 0.130327 0.316231 0.115299
 514.000000 0.104120 0.111131 0.138788 0.305666 0.148718
 515.000000 0.109293 0.092962 0.142654 0.313315 0.129418
 516.000000 0.101049 0.108430 0.135322 0.293350 0.154961
 517.000000 0.134585 0.092752 0.128351 0.292822 0.105641
 518.000000 0.130752 0.098995 0.132948 0.299648 0.109151
 519.000000 0.154513 0.111045 0.134622 0.297533 0.102567
 520.000000 0.163474 0.099524 0.129081 0.323118 0.093322
 521.000000 0.143220 0.102927 0.138899 0.303211 0.099700
 522.000000 0.156860 0.096902 0.123960 0.317504 0.102049
 523.000000 0.102025 0.105304 0.133511 0.304785 0.142429
 524.000000 0.128429 0.102538 0.131240 0.297047 0.111090
 525.000000 0.119134 0.099318 0.133768 0.287139 0.112009
 526.000000 0.115347 0.099484 0.135484 0.294634 0.117337
 527.000000 0.160941 0.099614 0.134019 0.308334 0.099091
 528.000000 0.144838 0.098519 0.131244 0.300650 0.100305
 529.000000 0.147516 0.097267 0.128799 0.305588 0.101420
 530.000000 0.169337 0.097206 0.133139 0.319851 0.100578
 531.000000 0.102044 0.097821 0.139843 0.239794 0.258505
 532.000000 0.102713 0.097417 0.135551 0.231527 0.175559
 533.000000 0.156601 0.095964 0.129263 0.294976 0.107378
 534.000000 0.139975 0.108393 0.137321 0.298491 0.102245
 535.000000 0.098514 0.096732 0.136985 0.233094 0.292034
 536.000000 0.101676 0.096281 0.135214 0.234798 0.232269
 537.000000 0.098362 0.097268 0.136389 0.240023 0.227915
 538.000000 0.095504 0.099765 0.135370 0.230848 0.237577
 539.000000 0.092553 0.095399 0.134859 0.231733 0.258033
 540.000000 0.097052 0.100946 0.144271 0.217546 0.234465
 541.000000 0.100265 0.094388 0.138297 0.240529 0.262632
 542.000000 0.101514 0.095875 0.131416 0.246475 0.238646
 543.000000 0.092542 0.099574 0.129310 0.246199 0.231694
 544.000000 0.094615 0.097036 0.138055 0.233313 0.216855
 545.000000 0.100125 0.098615 0.139761 0.216352 0.189285
 546.000000 0.100608 0.099750 0.137036 0.211175 0.187782
 547.000000 0.095572 0.101951 0.138116 0.215235 0.170261
 548.000000 0.092866 0.101892 0.138946 0.202825 0.192341
 549.000000 0.095294 0.098813 0.141301 0.214574 0.185699
 550.000000 0.099544 0.101912 0.135252 0.222742 0.174774
 551.000000 0.100255 0.095021 0.136165 0.220921 0.216301
 552.000000 0.094615 0.103097 0.136777 0.225089 0.213741
 553.000000 0.093654 0.096213 0.131556 0.212836 0.243421
 554.000000 0.100170 0.095467 0.136147 0.213794 0.234615
 555.000000 0.099328 0.096762 0.138730 0.228790 0.252430
 556.000000 0.100025 0.100688 0.140164 0.248345 0.240061
 557.000000 0.101631 0.094027 0.132159 0.247366 0.242810
 558.000000 0.097458 0.098539 0.134082 0.267668 0.158689
 559.000000 0.096943 0.092331 0.132476 0.258167 0.165608
 560.000000 0.098051 0.098641 0.136003 0.262719 0.169697
 561.000000 0.098214 0.106906 0.134350 0.277788 0.176094
 562.000000 0.097540 0.101877 0.137146 0.284255 0.168208
 563.000000 0.108208 0.106179 0.139646 0.291667 0.134462
 564.000000 0.102947 0.105024 0.134053 0.282385 0.155348
 565.000000 0.100350 0.092060 0.136492 0.285813 0.162570
 566.000000 0.097806 0.091548 0.130192 0.285878 0.150639
 567.000000 0.107448 0.095179 0.134346 0.278632 0.149124
 568.000000 0.100985 0.103388 0.132306 0.302400 0.150310
 569.000000 0.098727 0.095415 0.137499 0.305436 0.172957
 570.000000 0.100519 0.102299 0.133364 0.298565 0.150003
 571.000000 0.101005 0.097888 0.134555 0.280595 0.153339
 572.000000 0.147934 0.103296 0.131507 0.283215 0.101887
 573.000000 0.093856 0.166066 0.133019 0.283045 0.094789
 574.000000 0.100130 0.161447 0.139068 0.312824 0.098894
 575.000000 0.103233 0.159897 0.128047 0.304244 0.102025
 576.000000 0.093819 0.160215 0.141598 0.312669 0.103952
 577.000000 0.096130 0.163860 0.135122 0.301829 0.100847
 578.000000 0.113640 0.130786 0.134614 0.302298 0.101716
 579.000000 0.098955 0.163150 0.130315 0.293847 0.103044
 580.000000 0.100782 0.173603 0.135126 0.321887 0.103856
 581.000000 0.102440 0.156093 0.132386 0.298335 0.100827
 582.000000 0.093408 0.174534 0.139449 0.311355 0.097422
 583.000000 0.104058 0.151080 0.134941 0.288574 0.095216
 584.000000 0.102489 0.178564 0.138148 0.280189 0.100005
 585.000000 0.100110 0.183443 0.130111 0.308008 0.095948
 586.000000 0.104566 0.165828 0.132989 0.298670 0.099845
 587.000000 0.099504 0.160325 0.133679 0.302486 0.100663
 588.000000 0.102927 0.173947 0.132095 0.312596 0.095441
 589.000000 0.099689 0.167839 0.129287 0.282010 0.097185
 590.000000 0.101123 0.180003 0.135385 0.285382 0.098848
 591.000000 0.100350 0.168621 0.128880 0.271584 0.100125
 592.000000 0.100110 0.148560 0.126337 0.300862 0.100767
 593.000000 0.097067 0.162888 0.129248 0.310569 0.098163
 594.000000 0.099464 0.166148 0.135595 0.316384 0.104139
 595.000000 0.098519 0.158773 0.134711 0.310029 0.101395
 596.000000 0.096250 0.161149 0.135370 0.303455 0.097903
 597.000000 0.097036 0.156352 0.134737 0.310337 0.099629
 598.000000 0.103179 0.159706 0.132778 0.304416 0.094133
 599.000000 0.102088 0.158044 0.133319 0.280517 0.100444
 600.000000 0.098026 0.158395 0.131913 0.298570 0.103019
 601.000000 0.106517 0.130204 0.129634 0.298923 0.100906
 602.000000 0.095760 0.144603 0.130954 0.309779 0.101764
 603.000000 0.101838 0.153431 0.137029 0.305683 0.105703
 604.000000 0.100484 0.150097 0.132038 0.299620 0.097708
 605.000000 0.101094 0.188742 0.135373 0.311175 0.095279
 606.000000 0.098066 0.182016 0.132491 0.303369 0.099945
 607.000000 0.099000 0.175866 0.138326 0.287461 0.101124
 608.000000 0.101361 0.173521 0.130388 0.293491 0.098280
 609.000000 0.097082 0.172847 0.137568 0.299435 0.096509
 610.000000 0.101774 0.165511 0.136396 0.286803 0.097026
 611.000000 0.097781 0.170593 0.134540 0.299107 0.098484
 612.000000 0.104738 0.187796 0.141156 0.293636 0.092569
 613.000000 0.094191 0.169956 0.135074 0.294615 0.094810
 614.000000 0.091989 0.186389 0.135374 0.303365 0.096959
 615.000000 0.099267 0.173522 0.137608 0.290083 0.098534
 616.000000 0.104470 0.166631 0.133679 0.290016 0.099990
 617.000000 0.095399 0.166170 0.137899 0.300144 0.096260
 618.000000 0.101759 0.172569 0.134127 0.312248 0.095655
 619.000000 0.103446 0.159841 0.131030 0.315759 0.101168
 620.000000 0.098539 0.158603 0.135285 0.323274 0.102893
 621.000000 0.103658 0.169997 0.136854 0.295572 0.103063
 622.000000 0.105849 0.160910 0.132970 0.312227 0.098965
 623.000000 0.100484 0.146898 0.133278 0.307208 0.104394
 624.000000 0.104293 0.165750 0.127617 0.310398 0.098483
 625.000000 0.100528 0.167470 0.136004 0.316817 0.098458
 626.000000 0.098499 0.170129 0.135687 0.323313 0.092806
 627.000000 0.098265 0.164651 0.131709 0.282498 0.104962
 628.000000 0.101912 0.160031 0.132246 0.270824 0.103465
 629.000000 0.097005 0.176766 0.130388 0.292101 0.097298
 630.000000 0.095792 0.179605 0.133394 0.276226 0.092672
 631.000000 0.095984 0.104173 0.136719 0.297780 0.150579
 632.000000 0.104590 0.105276 0.129530 0.291482 0.135650
 633.000000 0.101322 0.101794 0.134663 0.293431 0.133341
 634.000000 0.104312 0.108374 0.136081 0.305956 0.129089
 635.000000 0.105466 0.108185 0.142794 0.294326 0.139903
 636.000000 0.124652 0.103315 0.131674 0.306837 0.118529
 637.000000 0.121844 0.098158 0.133469 0.310356 0.117860
 638.000000 0.106700 0.145492 0.134227 0.292783 0.091761
 639.000000 0.109481 0.146021 0.136294 0.282415 0.099469
 640.000000 0.104638 0.151519 0.135978 0.306054 0.098494
 641.000000 0.102928 0.206402 0.130369 0.320994 0.092591
 642.000000 0.101168 0.173922 0.131278 0.311066 0.099212
 643.000000 0.096275 0.186981 0.136298 0.309498 0.096959
 644.000000 0.096840 0.173347 0.142439 0.296739 0.092919
 645.000000 0.105404 0.141329 0.137059 0.289337 0.098808
 646.000000 0.098336 0.190816 0.134063 0.306147 0.093434
 647.000000 0.096031 0.179171 0.134291 0.303773 0.096530
 648.000000 0.098112 0.176825 0.129681 0.287788 0.093343
 649.000000 0.102220 0.160153 0.134015 0.302301 0.101119
 650.000000 0.100926 0.190354 0.131016 0.301679 0.100732
 651.000000 0.098615 0.165133 0.134970 0.311912 0.096156
 652.000000 0.103407 0.175676 0.135595 0.281791 0.097637
 653.000000 0.105010 0.156952 0.129584 0.276603 0.099800
 654.000000 0.100005 0.100389 0.140556 0.254696 0.187171
 655.000000 0.099650 0.099870 0.135728 0.248173 0.177589
 656.000000 0.149790 0.103141 0.131981 0.272445 0.097775
 657.000000 0.100817 0.098696 0.134892 0.250428 0.236572
 658.000000 0.095650 0.095985 0.132201 0.268633 0.292279
 659.000000 0.101435 0.096431 0.138409 0.278023 0.335096
 660.000000 0.102903 0.095446 0.133177 0.236307 0.260078
 661.000000 0.103581 0.102465 0.135152 0.280302 0.304790
 662.000000 0.093573 0.099444 0.135650 0.243117 0.287280
 663.000000 0.098413 0.097108 0.135624 0.269030 0.243783
 664.000000 0.103543 0.100045 0.135713 0.303565 0.293682
 665.000000 0.097637 0.095462 0.134792 0.246487 0.262766
 666.000000 0.099348 0.094837 0.138622 0.253902 0.287362
 667.000000 0.098899 0.096850 0.133037 0.251926 0.244641
 668.000000 0.100070 0.099810 0.137379 0.252281 0.275167
 669.000000 0.099343 0.099308 0.138138 0.234384 0.275719
 670.000000 0.098798 0.094419 0.135669 0.279224 0.277869
 671.000000 0.097026 0.093734 0.139413 0.281345 0.301543
 672.000000 0.096612 0.100787 0.133101 0.262686 0.281310
 673.000000 0.103325 0.095776 0.139381 0.271074 0.308924
 674.000000 0.098595 0.094393 0.133903 0.266768 0.264858
 675.000000 0.098863 0.093349 0.134729 0.254256 0.249203
 676.000000 0.098158 0.096156 0.134186 0.271063 0.294472
 677.000000 0.100648 0.102010 0.135831 0.242095 0.239959
 678.000000 0.098509 0.100264 0.132265 0.268399 0.235066
 679.000000 0.099146 0.092747 0.134026 0.277822 0.265855
 680.000000 0.098681 0.094599 0.135477 0.263399 0.252794
 681.000000 0.098641 0.094498 0.134440 0.291693 0.271125
 682.000000 0.099704 0.100065 0.136887 0.313819 0.249802
 683.000000 0.097391 0.103325 0.135163 0.291300 0.281911
 684.000000 0.100802 0.090554 0.139979 0.294491 0.346223
 685.000000 0.101321 0.106967 0.138889 0.263276 0.356668
 686.000000 0.095210 0.098311 0.138423 0.252925 0.309256
 687.000000 0.097129 0.097488 0.135074 0.277081 0.271465
 688.000000 0.104852 0.096602 0.132341 0.250004 0.256238
 689.000000 0.100090 0.102475 0.146823 0.270972 0.305918
 690.000000 0.100260 0.094673 0.148610 0.261788 0.262983
 691.000000 0.098539 0.100484 0.128394 0.278401 0.253494
 692.000000 0.096690 0.099745 0.129197 0.294107 0.264611
 693.000000 0.098798 0.101247 0.138640 0.281819 0.305605
 694.000000 0.098428 0.093606 0.133334 0.268630 0.257806
 695.000000 0.098615 0.103397 0.131278 0.237145 0.266555
 696.000000 0.097637 0.091000 0.137989 0.271419 0.280073
 697.000000 0.096779 0.095948 0.136839 0.274565 0.251821
 698.000000 0.097453 0.098671 0.131278 0.275080 0.256113
 699.000000 0.098559 0.090360 0.131848 0.258035 0.287745
 700.000000 0.100424 0.094069 0.129077 0.288156 0.287235
 701.000000 0.098005 0.090228 0.139678 0.307485 0.250659
 702.000000 0.099252 0.090300 0.135710 0.296710 0.265897
 703.000000 0.099800 0.101912 0.141241 0.297398 0.254474
 704.000000 0.100065 0.102480 0.140125 0.271634 0.268527
 705.000000 0.101735 0.100414 0.134562 0.272421 0.310683
 706.000000 0.104465 0.097026 0.135624 0.268125 0.139757
 707.000000 0.149997 0.102791 0.131568 0.319816 0.107940
 708.000000 0.146417 0.101735 0.125340 0.304294 0.101877
 709.000000 0.133645 0.101099 0.134811 0.313772 0.108361
 710.000000 0.142930 0.108637 0.134451 0.298391 0.106344
 711.000000 0.145942 0.109654 0.130629 0.281087 0.096234
 712.000000 0.145362 0.097036 0.137804 0.292372 0.106850
 713.000000 0.154464 0.098189 0.131065 0.318023 0.106141
 714.000000 0.160309 0.098833 0.132593 0.309818 0.099463
 715.000000 0.123195 0.097376 0.133993 0.319171 0.115452
 716.000000 0.130158 0.098433 0.129788 0.285744 0.106911
 717.000000 0.123786 0.099750 0.130733 0.277081 0.113763
 718.000000 0.131096 0.098727 0.131487 0.298830 0.105309
 719.000000 0.139057 0.104757 0.130150 0.304036 0.102538
 720.000000 0.143059 0.110946 0.133469 0.290821 0.102426
 721.000000 0.125320 0.098884 0.137553 0.309724 0.115840
 722.000000 0.131324 0.106061 0.132125 0.292284 0.111288
 723.000000 0.140730 0.104852 0.128305 0.294581 0.097432
 724.000000 0.141566 0.109389 0.129634 0.298726 0.105010
 725.000000 0.153212 0.105276 0.130308 0.313758 0.106817
 726.000000 0.138888 0.105328 0.134306 0.300914 0.103986
 727.000000 0.152440 0.100891 0.133090 0.301684 0.102225
 728.000000 0.147489 0.105707 0.133319 0.281860 0.103793
 729.000000 0.157489 0.106179 0.131685 0.322994 0.104408
 730.000000 0.145612 0.100045 0.133105 0.304851 0.103354
 731.000000 0.154603 0.097703 0.129108 0.310126 0.102299
 732.000000 0.134272 0.097267 0.131533 0.309958 0.114709
 733.000000 0.141877 0.100180 0.130272 0.314613 0.100970
 734.000000 0.118916 0.102230 0.132136 0.279122 0.112774
 735.000000 0.141584 0.104599 0.131278 0.303860 0.104895
 736.000000 0.129433 0.109426 0.135329 0.310089 0.104929
 737.000000 0.123499 0.104771 0.136286 0.293375 0.116125
 738.000000 0.125833 0.101356 0.133405 0.290587 0.110027
 739.000000 0.130004 0.100906 0.133821 0.310360 0.107842
 740.000000 0.137594 0.104738 0.136430 0.290907 0.107489
 741.000000 0.149141 0.102103 0.134510 0.302109 0.102469
 742.000000 0.157003 0.104809 0.129035 0.263896 0.099705
 743.000000 0.134822 0.104062 0.134201 0.316620 0.104139
 744.000000 0.136708 0.097872 0.131605 0.320738 0.109023
 745.000000 0.143715 0.102922 0.133544 0.308041 0.100005
 746.000000 0.129992 0.104370 0.127460 0.294505 0.108945
 747.000000 0.130388 0.102260 0.126024 0.298504 0.105309
 748.000000 0.133229 0.099081 0.127323 0.296199 0.104120
 749.000000 0.148963 0.099639 0.128635 0.315000 0.105243
 750.000000 0.132442 0.098250 0.132925 0.283863 0.103325
 751.000000 0.123636 0.107233 0.132740 0.304780 0.112557
 752.000000 0.145592 0.100817 0.134840 0.299768 0.104528
 753.000000 0.146660 0.104293 0.129588 0.300008 0.102591
 754.000000 0.143844 0.110829 0.130530 0.297310 0.100772
 755.000000 0.160187 0.103397 0.131275 0.292330 0.097923
 756.000000 0.139237 0.099855 0.131172 0.297706 0.101232
 757.000000 0.128020 0.104981 0.134926 0.301511 0.103976
 758.000000 0.143506 0.101316 0.128663 0.326206 0.100658
 759.000000 0.154467 0.103817 0.130759 0.292881 0.099705
 760.000000 0.144378 0.107504 0.132699 0.296842 0.106588
 761.000000 0.131396 0.093862 0.130453 0.300306 0.106532
 762.000000 0.134733 0.098879 0.131678 0.288155 0.102747
 763.000000 0.147899 0.103547 0.131609 0.301544 0.105119
 764.000000 0.128074 0.100100 0.130775 0.312840 0.106855
 765.000000 0.146492 0.102771 0.128332 0.307041 0.105114
 766.000000 0.139521 0.110513 0.131434 0.306670 0.101287
 767.000000 0.119139 0.104518 0.135388 0.303962 0.115987
 768.000000 0.128078 0.101917 0.135167 0.283785 0.108278
 769.000000 0.135137 0.108448 0.131518 0.297397 0.105801
 770.000000 0.127008 0.102908 0.132699 0.297424 0.113371
 771.000000 0.133518 0.101828 0.129124 0.312010 0.103962
 772.000000 0.148530 0.096229 0.132280 0.306650 0.095389
 773.000000 0.128783 0.109677 0.132454 0.290036 0.108545
 774.000000 0.152843 0.099202 0.134822 0.288903 0.105361
 775.000000 0.130713 0.099584 0.133888 0.305954 0.110824
 776.000000 0.156720 0.099749 0.130061 0.322120 0.098732
 777.000000 0.150077 0.104695 0.133282 0.330021 0.107559
 778.000000 0.156710 0.095195 0.127828 0.320719 0.100215
 779.000000 0.123264 0.101809 0.131164 0.307898 0.113934
 780.000000 0.138369 0.103904 0.128343 0.307003 0.107354
 781.000000 0.138054 0.105565 0.131776 0.295895 0.107620
 782.000000 0.158810 0.101671 0.133376 0.283376 0.101079
 783.000000 0.126503 0.109229 0.131909 0.286207 0.114004
 784.000000 0.134078 0.102631 0.135359 0.286152 0.106874
 785.000000 0.152217 0.102279 0.135178 0.299406 0.106682
 786.000000 0.155042 0.097734 0.132265 0.320991 0.098767
 787.000000 0.135930 0.095775 0.128581 0.300018 0.107205
 788.000000 0.147598 0.098407 0.126827 0.312416 0.104604
 789.000000 0.150313 0.109293 0.138094 0.298349 0.095624
 790.000000 0.157474 0.104351 0.134142 0.289791 0.096265
 791.000000 0.142327 0.110350 0.131932 0.296218 0.106080
 792.000000 0.144967 0.103320 0.139843 0.299443 0.109023
 793.000000 0.140734 0.098316 0.131689 0.308307 0.106137
 794.000000 0.140442 0.097683 0.139896 0.300575 0.103354
 795.000000 0.121635 0.098722 0.137419 0.314663 0.121169
 796.000000 0.148523 0.098939 0.128627 0.310124 0.104082
 797.000000 0.128301 0.101593 0.134584 0.314143 0.113084
 798.000000 0.126080 0.100782 0.141202 0.285970 0.113758
 799.000000 0.163445 0.100429 0.131366 0.336788 0.099945
 800.000000 0.155435 0.104087 0.130614 0.297059 0.101361
 801.000000 0.161481 0.100165 0.131256 0.304092 0.100005
 802.000000 0.139678 0.096943 0.131461 0.320490 0.107713
 803.000000 0.134094 0.096628 0.131564 0.309532 0.105423
 804.000000 0.167643 0.096639 0.127668 0.311426 0.099865
 805.000000 0.158376 0.098316 0.128880 0.324792 0.100145
 806.000000 0.135716 0.097077 0.132280 0.298319 0.102806
 807.000000 0.138192 0.098570 0.136294 0.314333 0.111803
 808.000000 0.139549 0.096757 0.129329 0.292990 0.104580
 809.000000 0.145117 0.104628 0.132910 0.315262 0.105593
 810.000000 0.138816 0.099690 0.134570 0.296056 0.103102
 811.000000 0.158297 0.107000 0.133049 0.310754 0.098742
 812.000000 0.140449 0.098275 0.134870 0.308028 0.104236
 813.000000 0.114974 0.093691 0.134867 0.299308 0.121330
 814.000000 0.140250 0.098995 0.132835 0.319133 0.106306
 815.000000 0.160078 0.105646 0.135137 0.296267 0.101985
 816.000000 0.157013 0.098235 0.132034 0.317120 0.096670
 817.000000 0.165215 0.102947 0.129155 0.321741 0.100499
 818.000000 0.133229 0.110590 0.129120 0.320578 0.095273
 819.000000 0.142744 0.103489 0.128658 0.309365 0.106461
 820.000000 0.136781 0.105043 0.128398 0.297088 0.108692
 821.000000 0.120008 0.094673 0.129263 0.290921 0.112668
 822.000000 0.141000 0.100569 0.137124 0.305960 0.102669
 823.000000 0.150107 0.104757 0.125774 0.293954 0.104795
 824.000000 0.130150 0.106799 0.131111 0.276228 0.109037
 825.000000 0.155400 0.102883 0.125869 0.321927 0.110395
 826.000000 0.152696 0.101838 0.124040 0.303770 0.101282
 827.000000 0.135296 0.102426 0.132548 0.293803 0.106442
 828.000000 0.153065 0.102279 0.127899 0.321971 0.101538
 829.000000 0.159267 0.104312 0.127617 0.294376 0.100787
 830.000000 0.154719 0.103552 0.129205 0.285346 0.098939
 831.000000 0.165931 0.099282 0.128522 0.312388 0.100344
 832.000000 0.160665 0.094366 0.129264 0.312594 0.100045
 833.000000 0.142035 0.101124 0.129248 0.304674 0.105892
 834.000000 0.144672 0.101774 0.130767 0.289344 0.105726
 835.000000 0.166219 0.098498 0.131583 0.303627 0.104413
 836.000000 0.152466 0.100289 0.129495 0.309386 0.103436
 837.000000 0.151132 0.099670 0.131484 0.298657 0.104024
 838.000000 0.136989 0.099494 0.130250 0.314199 0.104403
 839.000000 0.136191 0.106555 0.132970 0.293864 0.102689
 840.000000 0.147143 0.100130 0.131008 0.296346 0.100185
 841.000000 0.121672 0.100349 0.127793 0.306729 0.114070
 842.000000 0.131183 0.100140 0.129985 0.304943 0.105152
 843.000000 0.152902 0.097928 0.129232 0.306361 0.102064
 844.000000 0.145193 0.098575 0.129159 0.315146 0.105090
 845.000000 0.153841 0.098682 0.126776 0.315891 0.103402
 846.000000 0.134272 0.097699 0.128911 0.297614 0.101995
 847.000000 0.140865 0.101183 0.131396 0.304293 0.105603
 848.000000 0.158501 0.102811 0.133544 0.319289 0.098265
 849.000000 0.140446 0.099890 0.129233 0.315660 0.106569
 850.000000 0.148361 0.097801 0.129252 0.313014 0.100613
 851.000000 0.157099 0.101020 0.128581 0.309723 0.097124
 852.000000 0.163417 0.101499 0.132322 0.297305 0.096943
 853.000000 0.140285 0.101912 0.131761 0.290770 0.101459
 854.000000 0.177950 0.097021 0.124876 0.309159 0.095048
 855.000000 0.152882 0.098092 0.129438 0.303132 0.100528
 856.000000 0.165828 0.104957 0.131294 0.297985 0.098681
 857.000000 0.156981 0.094794 0.129815 0.289098 0.104924
 858.000000 0.163172 0.098818 0.133038 0.286932 0.095969
 859.000000 0.156936 0.095990 0.131780 0.296541 0.099970
 860.000000 0.141605 0.097083 0.129565 0.272870 0.105380
 861.000000 0.159072 0.100175 0.126673 0.297407 0.099343
 862.000000 0.151993 0.095195 0.126775 0.298256 0.100464
 863.000000 0.162742 0.095467 0.129097 0.306023 0.097873
 864.000000 0.142088 0.100499 0.129453 0.311530 0.094350
 865.000000 0.169738 0.094053 0.128596 0.275719 0.097422
 866.000000 0.113040 0.096861 0.129823 0.292448 0.124105
 867.000000 0.101321 0.096856 0.137325 0.303901 0.134677
 868.000000 0.121384 0.104776 0.131624 0.288411 0.117021
 869.000000 0.131400 0.094546 0.134729 0.317240 0.113512
 870.000000 0.138568 0.109768 0.139036 0.295165 0.100618
 871.000000 0.132620 0.094963 0.134354 0.291770 0.110150
 872.000000 0.103179 0.090117 0.139850 0.233857 0.247455
 873.000000 0.105480 0.110892 0.135963 0.281185 0.120187
 874.000000 0.102888 0.106602 0.136140 0.302677 0.152457
 875.000000 0.104590 0.103620 0.143861 0.312090 0.144814
 876.000000 0.097129 0.094308 0.135636 0.241655 0.186172
 877.000000 0.160437 0.101519 0.131141 0.273278 0.104101
 878.000000 0.152761 0.098235 0.135739 0.270357 0.104192
 879.000000 0.105726 0.095719 0.134361 0.203138 0.228508
 880.000000 0.088933 0.099343 0.136323 0.206973 0.249594
 881.000000 0.105152 0.099045 0.134242 0.234055 0.203774
 882.000000 0.103875 0.098066 0.139363 0.220502 0.266321
 883.000000 0.096695 0.098361 0.135960 0.241531 0.275152
 884.000000 0.103581 0.096556 0.139259 0.216206 0.231989
 885.000000 0.098924 0.097499 0.131506 0.241717 0.238606
 886.000000 0.091351 0.109403 0.138018 0.224838 0.140663
 887.000000 0.104728 0.099559 0.132537 0.226234 0.182135
 888.000000 0.091203 0.101064 0.136246 0.254788 0.182891
 889.000000 0.098965 0.099509 0.137036 0.239875 0.226850
 890.000000 0.104862 0.096088 0.135717 0.245426 0.271505
 891.000000 0.093408 0.097129 0.131647 0.224379 0.250046
 892.000000 0.095299 0.095776 0.137150 0.244886 0.246887
 893.000000 0.105404 0.099765 0.135133 0.224484 0.253241
 894.000000 0.090044 0.095147 0.138845 0.223654 0.254517
 895.000000 0.097366 0.101183 0.138452 0.230054 0.205947
 896.000000 0.104523 0.096208 0.134896 0.210794 0.239468
 897.000000 0.097165 0.098087 0.135059 0.231123 0.213141
 898.000000 0.095734 0.100424 0.141138 0.229978 0.274578
 899.000000 0.091946 0.098117 0.130526 0.249217 0.236328
 900.000000 0.093253 0.102225 0.141566 0.232863 0.260048
 901.000000 0.096788 0.092233 0.133405 0.250062 0.197568
 902.000000 0.102927 0.098433 0.134622 0.256922 0.227328
 903.000000 0.097560 0.094419 0.139266 0.242593 0.305140
 904.000000 0.093622 0.099689 0.135215 0.264047 0.269448
 905.000000 0.102830 0.106250 0.143816 0.215655 0.257025
 906.000000 0.094868 0.103735 0.133038 0.253020 0.251909
 907.000000 0.097005 0.095100 0.139871 0.219486 0.279848
 908.000000 0.099629 0.091657 0.134477 0.252408 0.267084
 909.000000 0.092027 0.094393 0.137014 0.244957 0.262116
 910.000000 0.094789 0.095656 0.138470 0.212532 0.291159
 911.000000 0.104350 0.107154 0.134733 0.255689 0.280772
 912.000000 0.092591 0.098767 0.134172 0.217313 0.245288
 913.000000 0.100519 0.103489 0.136492 0.246449 0.262995
 914.000000 0.101242 0.100648 0.134900 0.241191 0.276828
 915.000000 0.093092 0.105480 0.134205 0.248624 0.270586
 916.000000 0.101420 0.097514 0.144506 0.228395 0.263987
 917.000000 0.096416 0.097129 0.131518 0.248731 0.230324
 918.000000 0.092223 0.097437 0.134454 0.223743 0.245363
 919.000000 0.098727 0.099935 0.138192 0.212946 0.250192
 920.000000 0.096638 0.102772 0.135845 0.241764 0.290463
 921.000000 0.092364 0.095525 0.142681 0.213244 0.244904
 922.000000 0.101538 0.095294 0.135757 0.236875 0.273697
 923.000000 0.099408 0.095063 0.137190 0.219629 0.211559
 924.000000 0.093782 0.102049 0.143715 0.223689 0.283353
 925.000000 0.094689 0.096291 0.140079 0.216010 0.288491
 926.000000 0.103889 0.100245 0.133071 0.246637 0.200062
 927.000000 0.097350 0.093429 0.134298 0.243951 0.221977
 928.000000 0.092962 0.100822 0.136708 0.249776 0.224646
 929.000000 0.096483 0.097596 0.136752 0.253720 0.311646
 930.000000 0.102245 0.096488 0.139219 0.222432 0.287587
 931.000000 0.101814 0.098646 0.142744 0.228344 0.264827
 932.000000 0.094138 0.097744 0.141311 0.229772 0.247382
 933.000000 0.100980 0.096943 0.141089 0.241232 0.217118
 934.000000 0.099785 0.096752 0.137310 0.230705 0.205737
 935.000000 0.107224 0.089247 0.139893 0.245874 0.189328
 936.000000 0.101951 0.093605 0.135651 0.278885 0.197444
 937.000000 0.097211 0.105247 0.150735 0.253797 0.187110
 938.000000 0.099589 0.102665 0.135926 0.288889 0.146250
 939.000000 0.106250 0.113794 0.133993 0.299338 0.127585
 940.000000 0.100970 0.103605 0.134499 0.297452 0.146400
 941.000000 0.098499 0.099085 0.132023 0.304028 0.148179
 942.000000 0.128238 0.099267 0.134911 0.295870 0.114547
 943.000000 0.143990 0.099454 0.131061 0.317570 0.105797
 944.000000 0.143101 0.099805 0.129495 0.299177 0.101657
 945.000000 0.135960 0.102127 0.139036 0.314608 0.104871
 946.000000 0.095718 0.102245 0.135566 0.256541 0.196960
 947.000000 0.105579 0.104043 0.132936 0.310493 0.145496
 948.000000 0.112792 0.100030 0.132729 0.295975 0.118600
 949.000000 0.111821 0.100250 0.137804 0.271000 0.135488
 950.000000 0.135063 0.108111 0.126724 0.311915 0.105328
 951.000000 0.140335 0.104005 0.129414 0.296599 0.104981
 952.000000 0.132204 0.094133 0.132793 0.304100 0.108374
 953.000000 0.155631 0.108508 0.128639 0.317142 0.100985
 954.000000 0.137237 0.093824 0.126874 0.291529 0.103044
 955.000000 0.139861 0.115139 0.128195 0.291129 0.098783
 956.000000 0.149027 0.095383 0.130767 0.278413 0.107196
 957.000000 0.152882 0.106334 0.133963 0.314759 0.097262
 958.000000 0.152519 0.102220 0.134317 0.294360 0.104828
 959.000000 0.116172 0.102670 0.128950 0.308184 0.118376
 960.000000 0.122728 0.096918 0.132382 0.289092 0.110576
 961.000000 0.105995 0.103078 0.139284 0.316822 0.152509
 962.000000 0.121145 0.111360 0.133510 0.309693 0.115875
 963.000000 0.095734 0.166484 0.130131 0.286460 0.094478
 964.000000 0.101691 0.169460 0.138054 0.301743 0.096545
 965.000000 0.103233 0.159167 0.130752 0.276489 0.097335
 966.000000 0.097427 0.175660 0.136066 0.282845 0.098651
 967.000000 0.098255 0.156573 0.130603 0.317323 0.100210
 968.000000 0.096793 0.144810 0.133229 0.314798 0.103653
 969.000000 0.093107 0.104163 0.136195 0.227132 0.228456
 970.000000 0.100663 0.092401 0.129077 0.278659 0.147367
 971.000000 0.167075 0.105038 0.131172 0.324111 0.097458
 972.000000 0.110236 0.103349 0.135893 0.228239 0.135772
 973.000000 0.147692 0.100613 0.126838 0.270416 0.103160
 974.000000 0.144229 0.107522 0.133150 0.285449 0.100170
 975.000000 0.151958 0.098494 0.132914 0.318127 0.097928
 976.000000 0.133045 0.094292 0.136605 0.279102 0.103663
 977.000000 0.103252 0.161000 0.132488 0.302774 0.102255
 978.000000 0.097642 0.164067 0.127723 0.298888 0.091640
 979.000000 0.104048 0.162200 0.132291 0.326469 0.097257
 980.000000 0.099252 0.162975 0.130315 0.313259 0.095509
 981.000000 0.100802 0.164414 0.132367 0.315506 0.092720
 982.000000 0.098798 0.173520 0.137572 0.315472 0.094541
 983.000000 0.101198 0.162015 0.131609 0.289126 0.101848
 984.000000 0.098565 0.159443 0.138076 0.296112 0.094578
 985.000000 0.098575 0.165062 0.129584 0.302003 0.099368
 986.000000 0.100424 0.156198 0.133008 0.302434 0.096151
