#! FIELDS time D1.min D2.min D3 D4 D5.min
 0.000000 0.087441 0.194139 0.285989 0.136557 0.255067
 1.000000 0.106786 0.207584 0.293575 0.136547 0.290759
 2.000000 0.087441 0.194139 0.285989 0.136557 0.255067
 3.000000 0.090973 0.211239 0.303025 0.144934 0.258556
 4.000000 0.093124 0.154884 0.293111 0.143812 0.289945
 5.000000 0.098671 0.168256 0.322604 0.136960 0.281136
 6.000000 0.091274 0.198648 0.267871 0.137445 0.290260
 7.000000 0.097541 0.167383 0.274272 0.143224 0.258058
 8.000000 0.097133 0.214506 0.292289 0.146823 0.299715
 9.000000 0.094576 0.204908 0.311950 0.139305 0.344764
 10.000000 0.095556 0.183756 0.249095 0.138615 0.242244
 11.000000 0.095231 0.192811 0.272178 0.136022 0.305159
 12.000000 0.093995 0.205597 0.295956 0.136110 0.317800
 13.000000 0.093969 0.206990 0.291611 0.138452 0.287694
 14.000000 0.093654 0.223016 0.259687 0.139277 0.280838
 15.000000 0.093043 0.181882 0.266702 0.135551 0.323288
 16.000000 0.098605 0.187686 0.258776 0.136011 0.315725
 17.000000 0.096566 0.177952 0.251360 0.135783 0.299676
 18.000000 0.093365 0.198340 0.234367 0.137761 0.260724
 19.000000 0.095731 0.229567 0.252265 0.141255 0.334499
 20.000000 0.097744 0.176706 0.254468 0.137568 0.280696
 21.000000 0.087441 0.194139 0.285989 0.136557 0.255067
 22.000000 0.104575 0.208760 0.309500 0.135385 0.261132
 23.000000 0.091973 0.196754 0.284807 0.144513 0.271125
 24.000000 0.093043 0.190308 0.257616 0.141711 0.281364
 25.000000 0.098456 0.170701 0.254968 0.137018 0.275899
 26.000000 0.092363 0.184662 0.291988 0.137612 0.305019
 27.000000 0.094388 0.179145 0.255634 0.138441 0.288288
 28.000000 0.090360 0.191209 0.276801 0.132170 0.309867
 29.000000 0.094583 0.180269 0.296112 0.138091 0.330952
 30.000000 0.092466 0.158736 0.282848 0.138065 0.290838
 31.000000 0.092217 0.195195 0.311233 0.133869 0.298386
 32.000000 0.095755 0.190594 0.300450 0.136686 0.289783
 33.000000 0.099201 0.201881 0.275124 0.141831 0.251694
 34.000000 0.093520 0.236512 0.283989 0.139263 0.341883
 35.000000 0.099121 0.181270 0.264169 0.136389 0.266729
 36.000000 0.097678 0.175354 0.264520 0.140293 0.275878
 37.000000 0.098685 0.163738 0.266668 0.135207 0.266003
 38.000000 0.092152 0.175858 0.267492 0.140616 0.294158
 39.000000 0.098831 0.165813 0.298946 0.138788 0.278316
 40.000000 0.093606 0.201851 0.310063 0.131962 0.271466
 41.000000 0.093707 0.168078 0.282230 0.136019 0.291666
 42.000000 0.097658 0.175037 0.258288 0.136532 0.294508
 43.000000 0.092141 0.207841 0.275846 0.137062 0.242361
 44.000000 0.087441 0.194139 0.285989 0.136557 0.255067
 45.000000 0.103589 0.186013 0.293145 0.137674 0.271974
 46.000000 0.092120 0.180336 0.296046 0.137259 0.277936
 47.000000 0.089861 0.193789 0.260917 0.142765 0.309910
 48.000000 0.088871 0.176482 0.305689 0.141845 0.295753
 49.000000 0.095409 0.177997 0.288406 0.140730 0.287061
 50.000000 0.092119 0.203600 0.298854 0.137452 0.296302
 51.000000 0.093258 0.180704 0.267570 0.136488 0.270538
 52.000000 0.096192 0.166688 0.273819 0.144128 0.272605
 53.000000 0.093670 0.195369 0.326824 0.143788 0.260033
 54.000000 0.094541 0.177485 0.272610 0.138856 0.258853
 55.000000 0.093941 0.211403 0.278539 0.135300 0.237859
 56.000000 0.095420 0.161951 0.279978 0.136444 0.304428
 57.000000 0.092488 0.219640 0.293247 0.136561 0.270589
 58.000000 0.095509 0.208137 0.290932 0.135207 0.238545
 59.000000 0.099884 0.244618 0.266308 0.130112 0.278209
 60.000000 0.096307 0.181320 0.289719 0.140872 0.256496
 61.000000 0.087441 0.194139 0.285989 0.136557 0.255067
 62.000000 0.090078 0.200465 0.290467 0.137018 0.273485
 63.000000 0.103397 0.159302 0.284389 0.136073 0.285572
 64.000000 0.090366 0.182346 0.284461 0.140125 0.267913
 65.000000 0.099980 0.180008 0.307970 0.133739 0.284109
 66.000000 0.092315 0.168911 0.284572 0.139975 0.292858
 67.000000 0.087441 0.194139 0.285989 0.136557 0.255067
 68.000000 0.090144 0.199211 0.286196 0.137989 0.271926
 69.000000 0.088708 0.227266 0.284114 0.132729 0.250892
 70.000000 0.093817 0.174152 0.295339 0.134618 0.244485
 71.000000 0.096219 0.156828 0.303083 0.141340 0.259761
 72.000000 0.098229 0.196957 0.271746 0.144796 0.284796
 73.000000 0.095221 0.231802 0.285694 0.136617 0.228976
 74.000000 0.096897 0.240468 0.285568 0.141114 0.281174
 75.000000 0.096005 0.212229 0.303035 0.141739 0.368534
 76.000000 0.092908 0.196766 0.318961 0.140293 0.340479
 77.000000 0.097010 0.246735 0.267421 0.140335 0.300777
 78.000000 0.097780 0.230952 0.300608 0.144602 0.257531
 79.000000 0.100205 0.214159 0.281677 0.135581 0.318090
 80.000000 0.099182 0.184759 0.294294 0.141764 0.301113
 81.000000 0.094138 0.228515 0.278112 0.138394 0.292351
 82.000000 0.090571 0.201923 0.280804 0.138395 0.343629
 83.000000 0.095650 0.200262 0.295677 0.136007 0.310841
 84.000000 0.091946 0.205375 0.295753 0.137135 0.284102
 85.000000 0.089493 0.208564 0.303483 0.150735 0.330802
 86.000000 0.087441 0.194139 0.285989 0.136557 0.255067
 87.000000 0.096488 0.181331 0.293595 0.136763 0.290393
 88.000000 0.094419 0.180657 0.272097 0.141273 0.266986
 89.000000 0.095702 0.211270 0.294633 0.134544 0.335513
 90.000000 0.095849 0.173488 0.283459 0.132265 0.230829
 91.000000 0.094784 0.170382 0.262271 0.134175 0.286234
 92.000000 0.095062 0.172641 0.260325 0.142190 0.331395
 93.000000 0.095063 0.210352 0.289014 0.143698 0.312277
 94.000000 0.094005 0.196061 0.264919 0.132427 0.279204
 95.000000 0.096550 0.199153 0.285456 0.139478 0.250482
 96.000000 0.100386 0.174166 0.273672 0.139664 0.273549
 97.000000 0.095624 0.176372 0.273492 0.139058 0.275699
 98.000000 0.092466 0.176023 0.284193 0.136510 0.244422
 99.000000 0.091957 0.180549 0.290458 0.133184 0.291356
 100.000000 0.093477 0.226660 0.246432 0.145468 0.263104
 101.000000 0.098412 0.174616 0.323275 0.139076 0.351320
 102.000000 0.095940 0.192026 0.307230 0.141697 0.387486
 103.000000 0.092201 0.172317 0.306113 0.135429 0.323206
 104.000000 0.096732 0.184654 0.315842 0.142968 0.342229
 105.000000 0.095566 0.204847 0.320281 0.149950 0.328313
 106.000000 0.095333 0.186081 0.290704 0.150346 0.262994
 107.000000 0.099640 0.187968 0.286346 0.141778 0.316172
 108.000000 0.099469 0.163536 0.269242 0.141347 0.276655
 109.000000 0.096876 0.182168 0.301558 0.135654 0.325413
 110.000000 0.095294 0.151608 0.287922 0.133870 0.289168
 111.000000 0.093349 0.148560 0.300693 0.135904 0.280405
 112.000000 0.094768 0.160627 0.289028 0.141887 0.281973
 113.000000 0.094225 0.168030 0.304325 0.142056 0.303876
 114.000000 0.096385 0.153847 0.297045 0.146048 0.318749
 115.000000 0.097314 0.162712 0.302835 0.136777 0.273326
 116.000000 0.098923 0.168357 0.291118 0.135845 0.298021
 117.000000 0.092887 0.165339 0.281236 0.141340 0.270786
 118.000000 0.099037 0.165547 0.266342 0.136246 0.284414
 119.000000 0.102611 0.153564 0.277979 0.139047 0.284177
 120.000000 0.092434 0.190526 0.294243 0.135617 0.303349
 121.000000 0.093107 0.168982 0.292884 0.146355 0.307143
 122.000000 0.087441 0.194139 0.285989 0.136557 0.255067
 123.000000 0.098031 0.196066 0.294846 0.138582 0.260864
 124.000000 0.101974 0.234753 0.253768 0.145127 0.254578
 125.000000 0.100089 0.186596 0.254335 0.142664 0.276834
 126.000000 0.094282 0.190641 0.255049 0.135241 0.257097
 127.000000 0.097993 0.196518 0.310205 0.138384 0.248568
 128.000000 0.092957 0.187939 0.277335 0.137135 0.239829
 129.000000 0.095273 0.175852 0.243553 0.133510 0.262667
 130.000000 0.096509 0.182090 0.259688 0.138362 0.281233
 131.000000 0.093542 0.192640 0.271779 0.136206 0.283945
 132.000000 0.096213 0.207174 0.252036 0.141711 0.269461
 133.000000 0.094465 0.194882 0.227070 0.139646 0.313811
 134.000000 0.094800 0.218328 0.304118 0.142060 0.338689
 135.000000 0.095958 0.213357 0.276096 0.148314 0.333904
 136.000000 0.091570 0.226135 0.286004 0.132816 0.240060
 137.000000 0.091875 0.222589 0.289658 0.137746 0.365498
 138.000000 0.091973 0.201581 0.282427 0.137204 0.254721
 139.000000 0.097581 0.168894 0.289947 0.137117 0.325481
 140.000000 0.097540 0.209843 0.322064 0.143447 0.416467
 141.000000 0.099569 0.213124 0.294742 0.137047 0.314237
 142.000000 0.093744 0.196316 0.262972 0.134996 0.316307
 143.000000 0.095651 0.229970 0.269349 0.143056 0.376545
 144.000000 0.093199 0.197618 0.297294 0.137819 0.368338
 145.000000 0.095299 0.209309 0.310190 0.145582 0.362910
 146.000000 0.096855 0.179614 0.283530 0.137350 0.297555
 147.000000 0.096520 0.164712 0.256786 0.137677 0.262566
 148.000000 0.091924 0.180770 0.274026 0.136795 0.281477
 149.000000 0.090388 0.205762 0.291926 0.135351 0.296030
 150.000000 0.100811 0.204259 0.309291 0.142510 0.306938
 151.000000 0.093198 0.191758 0.306415 0.139757 0.262375
 152.000000 0.096307 0.179037 0.302083 0.133679 0.324870
 153.000000 0.087441 0.194139 0.285989 0.136557 0.255067
 154.000000 0.099905 0.205653 0.287564 0.133315 0.258120
 155.000000 0.098316 0.185456 0.255613 0.140261 0.287446
 156.000000 0.092720 0.173511 0.305203 0.133150 0.266974
 157.000000 0.093091 0.166103 0.294416 0.138914 0.271097
 158.000000 0.088775 0.222376 0.293041 0.140335 0.250426
 159.000000 0.098889 0.174241 0.310538 0.138578 0.316530
 160.000000 0.087441 0.194139 0.285989 0.136557 0.255067
 161.000000 0.103121 0.193571 0.312032 0.140869 0.266610
 162.000000 0.087441 0.194139 0.285989 0.136557 0.255067
 163.000000 0.101286 0.207841 0.294160 0.141619 0.262172
 164.000000 0.087441 0.194139 0.285989 0.136557 0.255067
 165.000000 0.090255 0.198356 0.300701 0.136664 0.358913
 166.000000 0.094800 0.165596 0.288335 0.136411 0.304044
 167.000000 0.094837 0.179469 0.295481 0.143335 0.326150
 168.000000 0.100767 0.172861 0.272018 0.140719 0.302132
 169.000000 0.094684 0.181119 0.261922 0.135074 0.335538
 170.000000 0.096276 0.211023 0.281996 0.138228 0.320459
 171.000000 0.097786 0.165390 0.317758 0.136294 0.344395
 172.000000 0.093990 0.193528 0.303219 0.142765 0.358112
 173.000000 0.094599 0.168879 0.310651 0.145066 0.345893
 174.000000 0.094345 0.179380 0.317045 0.138152 0.328556
 175.000000 0.095545 0.216502 0.290393 0.137077 0.289698
 176.000000 0.096104 0.193789 0.298672 0.138322 0.285787
 177.000000 0.096943 0.168775 0.316016 0.141722 0.352959
 178.000000 0.094803 0.191778 0.307742 0.136492 0.297473
 179.000000 0.095719 0.174333 0.287802 0.145348 0.314159
 180.000000 0.096856 0.186457 0.307304 0.141683 0.332205
 181.000000 0.094895 0.178227 0.291639 0.134421 0.260480
 182.000000 0.095891 0.155727 0.273258 0.141517 0.261941
 183.000000 0.096855 0.174393 0.301326 0.134970 0.300549
 184.000000 0.094053 0.208586 0.318462 0.146024 0.294790
 185.000000 0.093670 0.194471 0.300241 0.134495 0.249952
 186.000000 0.097765 0.213139 0.298680 0.138235 0.234172
 187.000000 0.098944 0.167577 0.298846 0.136967 0.312891
 188.000000 0.092752 0.208334 0.301060 0.146660 0.288588
 189.000000 0.095792 0.195236 0.295380 0.137073 0.288943
 190.000000 0.098418 0.151585 0.290690 0.140335 0.323371
 191.000000 0.093424 0.153170 0.303464 0.138813 0.293468
 192.000000 0.095739 0.180616 0.269935 0.131484 0.273589
 193.000000 0.093572 0.183472 0.318912 0.142316 0.321243
 194.000000 0.097637 0.158773 0.333918 0.135018 0.326968
 195.000000 0.092752 0.161226 0.273560 0.144796 0.278306
 196.000000 0.098405 0.172273 0.270947 0.137746 0.220350
 197.000000 0.094541 0.181621 0.321456 0.133600 0.296008
 198.000000 0.092964 0.200385 0.287642 0.136784 0.253513
 199.000000 0.092331 0.175445 0.283185 0.135735 0.260302
 200.000000 0.095885 0.146236 0.291296 0.137554 0.286541
 201.000000 0.092941 0.222077 0.276291 0.137200 0.254269
 202.000000 0.097745 0.183853 0.285704 0.140699 0.242405
 203.000000 0.095441 0.175311 0.313543 0.138510 0.306243
 204.000000 0.095633 0.200005 0.307747 0.131852 0.272334
 205.000000 0.097600 0.161966 0.271952 0.139817 0.280781
 206.000000 0.094511 0.180779 0.303213 0.132438 0.274738
 207.000000 0.093723 0.183063 0.305085 0.134097 0.248777
 208.000000 0.095389 0.161632 0.289897 0.140592 0.268690
 209.000000 0.095739 0.173219 0.297464 0.141527 0.260678
 210.000000 0.097945 0.209590 0.298263 0.129619 0.267533
 211.000000 0.096592 0.158398 0.292126 0.134484 0.276817
 212.000000 0.097509 0.225098 0.298687 0.143112 0.290026
 213.000000 0.096159 0.176145 0.265923 0.140407 0.238168
 214.000000 0.096896 0.183532 0.303140 0.134153 0.284494
 215.000000 0.095137 0.158776 0.283103 0.138134 0.272936
 216.000000 0.095195 0.175263 0.287301 0.145028 0.225553
 217.000000 0.096276 0.147092 0.279100 0.139954 0.276733
 218.000000 0.097036 0.157270 0.311674 0.142387 0.289474
 219.000000 0.095572 0.201658 0.297758 0.139546 0.281264
 220.000000 0.094874 0.220529 0.276612 0.135576 0.269167
 221.000000 0.096571 0.169464 0.299372 0.142692 0.336055
 222.000000 0.097494 0.172320 0.288662 0.131871 0.251448
 223.000000 0.095340 0.197264 0.292584 0.131172 0.250643
 224.000000 0.094425 0.200812 0.306995 0.138528 0.298877
 225.000000 0.095117 0.200920 0.306798 0.148758 0.315793
 226.000000 0.095305 0.166472 0.259996 0.138109 0.244594
 227.000000 0.094371 0.169331 0.263350 0.138881 0.301944
 228.000000 0.093306 0.158732 0.300048 0.143098 0.290676
 229.000000 0.095640 0.149205 0.285225 0.138351 0.298052
 230.000000 0.095603 0.169413 0.313390 0.134175 0.304370
 231.000000 0.097529 0.156234 0.272766 0.134841 0.311794
 232.000000 0.095854 0.147119 0.287402 0.141255 0.281917
 233.000000 0.095760 0.161744 0.284452 0.143101 0.260440
 234.000000 0.096674 0.154480 0.278961 0.138582 0.274893
 235.000000 0.093654 0.218277 0.304303 0.140684 0.298987
 236.000000 0.095210 0.156260 0.293641 0.135934 0.278110
 237.000000 0.098443 0.166697 0.273330 0.136919 0.268831
 238.000000 0.097949 0.163031 0.284742 0.149887 0.303345
 239.000000 0.095990 0.166102 0.280016 0.144215 0.289020
 240.000000 0.094446 0.188279 0.303818 0.138297 0.330857
 241.000000 0.096882 0.201368 0.322053 0.140164 0.347351
 242.000000 0.098245 0.173879 0.295848 0.147289 0.279811
 243.000000 0.095838 0.167075 0.301579 0.142299 0.266880
 244.000000 0.097057 0.220084 0.293493 0.140464 0.257014
 245.000000 0.095253 0.187965 0.313753 0.147105 0.326734
 246.000000 0.095692 0.190287 0.309279 0.140975 0.294140
 247.000000 0.096649 0.181554 0.314919 0.144212 0.293232
 248.000000 0.093797 0.172543 0.308806 0.142786 0.281578
 249.000000 0.095697 0.189436 0.295652 0.135606 0.257951
 250.000000 0.087441 0.194139 0.285989 0.136557 0.255067
 251.000000 0.092282 0.226234 0.286631 0.139406 0.292225
 252.000000 0.093456 0.231432 0.276452 0.138921 0.265094
 253.000000 0.094773 0.194437 0.263186 0.129449 0.265586
 254.000000 0.096302 0.214087 0.253251 0.141234 0.277700
 255.000000 0.093236 0.173819 0.258693 0.141965 0.283847
 256.000000 0.097668 0.169027 0.285918 0.135794 0.284756
 257.000000 0.094165 0.209747 0.253320 0.133813 0.291846
 258.000000 0.096690 0.168648 0.273176 0.138586 0.269260
 259.000000 0.089900 0.178813 0.297108 0.137062 0.286854
 260.000000 0.095352 0.195143 0.298210 0.137397 0.272880
 261.000000 0.096820 0.188348 0.308943 0.137062 0.279614
 262.000000 0.091504 0.195706 0.280503 0.137703 0.296010
 263.000000 0.095682 0.198769 0.291832 0.136327 0.264163
 264.000000 0.098229 0.174204 0.279961 0.138181 0.344763
 265.000000 0.093301 0.190510 0.318529 0.139305 0.269151
 266.000000 0.097744 0.177093 0.290369 0.137746 0.286476
 267.000000 0.090211 0.169115 0.269314 0.134930 0.270531
 268.000000 0.094239 0.196659 0.298310 0.134347 0.264675
 269.000000 0.101828 0.149070 0.300296 0.140552 0.280380
 270.000000 0.097494 0.164757 0.293990 0.139582 0.291494
 271.000000 0.096416 0.175536 0.289857 0.137685 0.252891
 272.000000 0.098336 0.158698 0.289539 0.135901 0.269800
 273.000000 0.100276 0.169408 0.268093 0.146826 0.226945
 274.000000 0.094689 0.180615 0.312520 0.144807 0.276380
 275.000000 0.094958 0.159640 0.277093 0.143370 0.269197
 276.000000 0.095251 0.184746 0.317504 0.135665 0.264602
 277.000000 0.094794 0.201482 0.316515 0.136062 0.252755
 278.000000 0.097103 0.185938 0.300965 0.135130 0.261968
 279.000000 0.094815 0.168461 0.288524 0.135963 0.267561
 280.000000 0.095289 0.175607 0.284573 0.135299 0.283743
 281.000000 0.093563 0.193972 0.240377 0.143896 0.259309
 282.000000 0.097222 0.173023 0.260503 0.139789 0.304008
 283.000000 0.096308 0.160901 0.310600 0.141496 0.320139
 284.000000 0.094789 0.184071 0.306821 0.135330 0.355778
 285.000000 0.095729 0.170405 0.293377 0.142323 0.318807
 286.000000 0.095556 0.165460 0.311931 0.135993 0.322188
 287.000000 0.096338 0.153701 0.303771 0.138629 0.321115
 288.000000 0.096592 0.160409 0.286054 0.139467 0.286107
 289.000000 0.087441 0.194139 0.285989 0.136557 0.255067
 290.000000 0.097668 0.200103 0.298441 0.138297 0.267890
 291.000000 0.087441 0.194139 0.285989 0.136557 0.255067
 292.000000 0.104485 0.190161 0.309971 0.140218 0.256850
 293.000000 0.087704 0.213658 0.296530 0.137131 0.300141
 294.000000 0.094038 0.199043 0.292118 0.140979 0.285204
 295.000000 0.096395 0.179850 0.312258 0.144779 0.277939
 296.000000 0.096509 0.179889 0.297372 0.139122 0.290011
 297.000000 0.096052 0.164301 0.296590 0.133420 0.281533
 298.000000 0.097012 0.173361 0.298920 0.132706 0.289297
 299.000000 0.097876 0.175180 0.307345 0.133469 0.248036
 300.000000 0.094594 0.180801 0.311291 0.136715 0.293804
 301.000000 0.097426 0.188404 0.285126 0.137102 0.273883
 302.000000 0.097175 0.163392 0.259316 0.136763 0.204211
 303.000000 0.093835 0.174565 0.316678 0.136371 0.268427
 304.000000 0.098636 0.168728 0.289023 0.137029 0.301506
 305.000000 0.099267 0.168488 0.301534 0.135772 0.287783
 306.000000 0.094546 0.166532 0.291580 0.138409 0.255055
 307.000000 0.097780 0.155884 0.297639 0.144558 0.263274
 308.000000 0.096047 0.167117 0.299898 0.141121 0.260386
 309.000000 0.098615 0.173396 0.307539 0.141071 0.221924
 310.000000 0.096750 0.180771 0.307107 0.135030 0.293871
 311.000000 0.097138 0.167431 0.322222 0.135993 0.291089
 312.000000 0.095467 0.159850 0.290931 0.141404 0.284672
 313.000000 0.094726 0.167147 0.297654 0.139417 0.273507
 314.000000 0.094942 0.167827 0.289289 0.131746 0.311849
 315.000000 0.092639 0.162228 0.303587 0.144160 0.276154
 316.000000 0.095546 0.145014 0.292315 0.144769 0.239335
 317.000000 0.093386 0.166463 0.293444 0.139104 0.270270
 318.000000 0.094340 0.164639 0.283572 0.137189 0.286515
 319.000000 0.093707 0.152132 0.285079 0.135366 0.277740
 320.000000 0.093654 0.172586 0.300168 0.141028 0.294043
 321.000000 0.095273 0.181697 0.327373 0.136507 0.284951
 322.000000 0.094080 0.212094 0.295616 0.138939 0.288247
 323.000000 0.095504 0.164782 0.271089 0.132442 0.288274
 324.000000 0.096691 0.157563 0.280489 0.138766 0.271974
 325.000000 0.094631 0.176028 0.298454 0.140549 0.258503
 326.000000 0.097567 0.207846 0.300962 0.139875 0.284102
 327.000000 0.094451 0.178155 0.315546 0.138022 0.286793
 328.000000 0.096139 0.171234 0.279423 0.136004 0.293566
 329.000000 0.097821 0.192044 0.298263 0.138921 0.308438
 330.000000 0.097257 0.194489 0.284072 0.135152 0.272239
 331.000000 0.100344 0.156429 0.297357 0.139592 0.289387
 332.000000 0.095635 0.180978 0.305133 0.135993 0.264152
 333.000000 0.092315 0.174313 0.298213 0.138163 0.300970
 334.000000 0.092379 0.214023 0.300958 0.136048 0.282646
 335.000000 0.092482 0.177387 0.274492 0.139363 0.259237
 336.000000 0.093819 0.205937 0.302293 0.141435 0.276987
 337.000000 0.095671 0.192128 0.297128 0.139549 0.281510
 338.000000 0.097817 0.155445 0.291113 0.137386 0.272569
 339.000000 0.095441 0.161050 0.307143 0.140214 0.263518
 340.000000 0.091373 0.174940 0.279129 0.137237 0.314752
 341.000000 0.099220 0.156873 0.272621 0.134603 0.298656
 342.000000 0.092892 0.180106 0.284114 0.144017 0.255556
 343.000000 0.095854 0.193846 0.304214 0.139503 0.283438
 344.000000 0.094223 0.173851 0.257562 0.137437 0.266655
 345.000000 0.095697 0.220241 0.257284 0.134216 0.286164
 346.000000 0.095530 0.247180 0.253892 0.138495 0.304457
 347.000000 0.091176 0.251211 0.246108 0.140086 0.304954
 348.000000 0.092336 0.223421 0.240570 0.139811 0.295315
 349.000000 0.095823 0.221251 0.284891 0.138083 0.331164
 350.000000 0.097314 0.188481 0.291102 0.143948 0.357460
 351.000000 0.099423 0.183592 0.282599 0.139528 0.279319
 352.000000 0.092190 0.222137 0.275565 0.140089 0.284150
 353.000000 0.093861 0.190875 0.252416 0.142562 0.308023
 354.000000 0.096938 0.224954 0.293036 0.138047 0.273037
 355.000000 0.092531 0.213298 0.295793 0.141788 0.287090
 356.000000 0.094583 0.186199 0.262553 0.135831 0.320025
 357.000000 0.096338 0.178558 0.296562 0.147966 0.333344
 358.000000 0.094005 0.174969 0.310279 0.141124 0.340219
 359.000000 0.095263 0.214054 0.294662 0.139811 0.297096
 360.000000 0.094133 0.207928 0.297846 0.150336 0.320489
 361.000000 0.095021 0.197671 0.315385 0.136532 0.362162
 362.000000 0.095776 0.198446 0.278677 0.137528 0.293980
 363.000000 0.096040 0.201189 0.316760 0.136503 0.389415
 364.000000 0.097575 0.192460 0.305153 0.141043 0.340937
 365.000000 0.092467 0.165158 0.285562 0.137848 0.289719
 366.000000 0.095357 0.159565 0.266025 0.138863 0.269433
 367.000000 0.092468 0.187006 0.271142 0.133274 0.301855
 368.000000 0.092828 0.201517 0.307704 0.145825 0.316762
 369.000000 0.092092 0.174456 0.304803 0.138716 0.278483
 370.000000 0.095865 0.151105 0.295100 0.134168 0.266749
 371.000000 0.094303 0.165330 0.278657 0.138975 0.289797
 372.000000 0.093392 0.172192 0.297182 0.142190 0.296899
 373.000000 0.096896 0.172884 0.281700 0.140805 0.281662
 374.000000 0.096151 0.179625 0.281867 0.136865 0.251912
 375.000000 0.094773 0.181573 0.304233 0.134265 0.284521
 376.000000 0.087441 0.194139 0.285989 0.136557 0.255067
 377.000000 0.099423 0.204284 0.298667 0.141244 0.274684
 378.000000 0.098691 0.183646 0.320844 0.137746 0.293191
 379.000000 0.090890 0.195809 0.320405 0.142443 0.299430
 380.000000 0.089208 0.170264 0.314027 0.135812 0.266312
 381.000000 0.097422 0.177387 0.288258 0.134648 0.302050
 382.000000 0.092119 0.248472 0.261756 0.138322 0.225519
 383.000000 0.097082 0.199166 0.309885 0.132729 0.255433
 384.000000 0.100985 0.206303 0.307845 0.139979 0.206167
 385.000000 0.095765 0.204211 0.309829 0.140303 0.279353
 386.000000 0.093155 0.175391 0.307041 0.132985 0.284348
 387.000000 0.102668 0.276272 0.241282 0.134830 0.264539
 388.000000 0.094858 0.165801 0.262903 0.135551 0.281306
 389.000000 0.094784 0.194013 0.257924 0.139287 0.290655
 390.000000 0.095121 0.235094 0.284630 0.136781 0.300734
 391.000000 0.096052 0.215446 0.301974 0.136799 0.381766
 392.000000 0.087441 0.194139 0.285989 0.136557 0.255067
 393.000000 0.102499 0.183644 0.309197 0.137757 0.236324
 394.000000 0.087441 0.194139 0.285989 0.136557 0.255067
 395.000000 0.092633 0.173208 0.314217 0.136711 0.270831
 396.000000 0.089727 0.185076 0.296847 0.145196 0.256371
 397.000000 0.096338 0.165487 0.272784 0.129291 0.292291
 398.000000 0.091170 0.159424 0.290438 0.136532 0.265471
 399.000000 0.092683 0.164760 0.268164 0.142678 0.269216
 400.000000 0.094213 0.167791 0.273624 0.139549 0.284419
 401.000000 0.091055 0.201062 0.222236 0.136488 0.245943
 402.000000 0.091132 0.163196 0.266088 0.135059 0.296015
 403.000000 0.087971 0.189666 0.260885 0.135503 0.304291
 404.000000 0.091450 0.183733 0.252527 0.138860 0.286510
 405.000000 0.091351 0.242673 0.265379 0.140470 0.302048
 406.000000 0.090000 0.211502 0.274221 0.143600 0.272993
 407.000000 0.091263 0.206478 0.252042 0.137550 0.276568
 408.000000 0.097062 0.191966 0.250508 0.133993 0.299977
 409.000000 0.097668 0.176864 0.264911 0.142653 0.286317
 410.000000 0.094345 0.187005 0.266468 0.139334 0.259401
 411.000000 0.096042 0.195461 0.272279 0.139982 0.338876
 412.000000 0.095530 0.253789 0.260626 0.133060 0.293580
 413.000000 0.096004 0.183962 0.314795 0.139270 0.388959
 414.000000 0.091345 0.208696 0.290527 0.136777 0.358268
 415.000000 0.093172 0.194566 0.324632 0.137025 0.343914
 416.000000 0.096260 0.193233 0.311325 0.144727 0.293426
 417.000000 0.093947 0.204403 0.307262 0.139478 0.324065
 418.000000 0.093429 0.198557 0.321618 0.138582 0.306236
 419.000000 0.097165 0.181078 0.291220 0.138441 0.272870
 420.000000 0.090094 0.199324 0.317079 0.146069 0.305198
 421.000000 0.095263 0.195400 0.307060 0.139266 0.344055
 422.000000 0.087441 0.194139 0.285989 0.136557 0.255067
 423.000000 0.095089 0.213116 0.291829 0.134855 0.235501
 424.000000 0.087441 0.194139 0.285989 0.136557 0.255067
 425.000000 0.105727 0.182299 0.306226 0.137215 0.250428
 426.000000 0.096322 0.157892 0.296558 0.138361 0.272531
 427.000000 0.095755 0.138813 0.290912 0.134529 0.228099
 428.000000 0.087441 0.194139 0.285989 0.136557 0.255067
 429.000000 0.099845 0.164748 0.266109 0.139399 0.232626
 430.000000 0.087441 0.194139 0.285989 0.136557 0.255067
 431.000000 0.096431 0.168229 0.269841 0.143506 0.305131
 432.000000 0.091875 0.221649 0.247536 0.131529 0.267432
 433.000000 0.099529 0.181761 0.301524 0.142835 0.254250
 434.000000 0.091875 0.167269 0.282351 0.140975 0.276324
 435.000000 0.096255 0.181516 0.258407 0.139735 0.310981
 436.000000 0.094037 0.171636 0.271311 0.135374 0.304229
 437.000000 0.093792 0.169343 0.258755 0.134907 0.307940
 438.000000 0.089672 0.189433 0.300774 0.138398 0.323714
 439.000000 0.093194 0.170980 0.254002 0.136810 0.293214
 440.000000 0.096633 0.267328 0.239226 0.138888 0.215845
 441.000000 0.099106 0.182480 0.278629 0.136686 0.309433
 442.000000 0.096462 0.184711 0.276850 0.136092 0.274033
 443.000000 0.093359 0.196502 0.315679 0.141665 0.281897
 444.000000 0.091738 0.200489 0.305059 0.137252 0.306571
 445.000000 0.098372 0.202707 0.308891 0.133514 0.277980
 446.000000 0.096036 0.219900 0.288406 0.140446 0.287393
 447.000000 0.092364 0.183921 0.247083 0.131461 0.296055
 448.000000 0.099725 0.188385 0.248849 0.147983 0.292137
 449.000000 0.094388 0.182255 0.248743 0.132789 0.282652
 450.000000 0.098919 0.177710 0.259528 0.134955 0.286113
 451.000000 0.094005 0.164177 0.284288 0.136722 0.237230
 452.000000 0.094663 0.170132 0.309995 0.138152 0.260697
 453.000000 0.093493 0.202813 0.295665 0.133086 0.291600
 454.000000 0.095797 0.217265 0.297861 0.135636 0.252182
 455.000000 0.095687 0.158243 0.305029 0.142183 0.292615
 456.000000 0.096213 0.166027 0.281220 0.137077 0.301254
 457.000000 0.095685 0.163297 0.279236 0.141919 0.288268
 458.000000 0.097318 0.188904 0.255051 0.134380 0.234755
 459.000000 0.095321 0.177274 0.272202 0.138492 0.310751
 460.000000 0.095624 0.175206 0.251734 0.141173 0.286753
 461.000000 0.094926 0.214423 0.304714 0.137499 0.303931
 462.000000 0.095638 0.246067 0.251177 0.139263 0.270022
 463.000000 0.094599 0.189687 0.279702 0.133184 0.264730
 464.000000 0.095880 0.215859 0.287529 0.141177 0.270727
 465.000000 0.095294 0.165112 0.307054 0.136839 0.287761
 466.000000 0.096234 0.183603 0.298275 0.141619 0.313717
 467.000000 0.095650 0.187566 0.281533 0.143342 0.229478
 468.000000 0.095179 0.193414 0.271553 0.138344 0.306568
 469.000000 0.097165 0.189233 0.239410 0.136561 0.273487
 470.000000 0.097519 0.164237 0.280648 0.149793 0.295765
 471.000000 0.087441 0.194139 0.285989 0.136557 0.255067
 472.000000 0.096172 0.184030 0.290672 0.135813 0.282705
 473.000000 0.092466 0.160166 0.269594 0.142190 0.273805
 474.000000 0.093392 0.168398 0.290360 0.135503 0.279689
 475.000000 0.094133 0.177454 0.290998 0.136386 0.292795
 476.000000 0.088623 0.192128 0.305645 0.136916 0.280193
 477.000000 0.096250 0.181469 0.274392 0.140862 0.279435
 478.000000 0.087441 0.194139 0.285989 0.136557 0.255067
 479.000000 0.094562 0.203423 0.292325 0.135281 0.275378
 480.000000 0.097330 0.185618 0.294054 0.136956 0.293315
 481.000000 0.095729 0.182258 0.267627 0.138899 0.273838
 482.000000 0.090780 0.210542 0.260849 0.136594 0.284316
 483.000000 0.088769 0.186668 0.275706 0.141128 0.296324
 484.000000 0.093771 0.226261 0.264233 0.139460 0.293319
 485.000000 0.099146 0.166211 0.272077 0.136342 0.299668
 486.000000 0.093048 0.216555 0.296451 0.135400 0.245394
 487.000000 0.096649 0.193435 0.307779 0.133079 0.251820
 488.000000 0.096260 0.207897 0.270426 0.139359 0.263596
 489.000000 0.093558 0.167696 0.298726 0.138293 0.295386
 490.000000 0.094387 0.203826 0.311093 0.138816 0.269470
 491.000000 0.093941 0.221517 0.286793 0.136250 0.250633
 492.000000 0.097411 0.186274 0.284074 0.136048 0.242516
 493.000000 0.092785 0.189858 0.273481 0.133206 0.267688
 494.000000 0.096519 0.152401 0.278327 0.136956 0.283589
 495.000000 0.095431 0.169906 0.310100 0.142962 0.278548
 496.000000 0.096255 0.198207 0.305788 0.143353 0.303461
 497.000000 0.094345 0.191849 0.290335 0.141383 0.232089
 498.000000 0.100603 0.159129 0.279617 0.138279 0.260878
 499.000000 0.091488 0.180693 0.285983 0.133604 0.313489
 500.000000 0.099338 0.165142 0.266747 0.140759 0.292481
 501.000000 0.093901 0.183022 0.255239 0.135687 0.276451
 502.000000 0.090050 0.207179 0.281293 0.136711 0.317759
 503.000000 0.095655 0.211476 0.302169 0.134168 0.326011
 504.000000 0.091531 0.207995 0.297141 0.137989 0.263184
 505.000000 0.094053 0.201916 0.283332 0.137964 0.309750
 506.000000 0.096400 0.155165 0.287811 0.141213 0.288144
 507.000000 0.093867 0.169361 0.307490 0.133660 0.247366
 508.000000 0.093968 0.165967 0.285598 0.136532 0.305682
 509.000000 0.089944 0.163095 0.278189 0.140762 0.263697
 510.000000 0.091504 0.199873 0.275349 0.138344 0.244935
 511.000000 0.094958 0.196657 0.311836 0.139982 0.282287
 512.000000 0.092871 0.235976 0.279558 0.138061 0.271137
 513.000000 0.092747 0.195461 0.305223 0.138080 0.237645
 514.000000 0.093343 0.172560 0.291700 0.143325 0.251861
 515.000000 0.095467 0.205285 0.283637 0.139692 0.238231
 516.000000 0.096224 0.165469 0.314376 0.139273 0.242062
 517.000000 0.095179 0.174854 0.293990 0.135864 0.269876
 518.000000 0.100290 0.162438 0.278550 0.143482 0.266989
 519.000000 0.094668 0.161821 0.295151 0.137120 0.261201
 520.000000 0.099805 0.163368 0.265123 0.139918 0.243664
 521.000000 0.093027 0.168300 0.263883 0.133349 0.295816
 522.000000 0.087441 0.194139 0.285989 0.136557 0.255067
 523.000000 0.089789 0.221394 0.287969 0.135945 0.269633
 524.000000 0.087441 0.194139 0.285989 0.136557 0.255067
 525.000000 0.101730 0.203207 0.309665 0.136781 0.269980
 526.000000 0.087441 0.194139 0.285989 0.136557 0.255067
 527.000000 0.099212 0.214357 0.297883 0.139244 0.264267
 528.000000 0.103619 0.153789 0.291009 0.137295 0.276294
 529.000000 0.103619 0.162111 0.268019 0.135599 0.300991
 530.000000 0.092098 0.226581 0.255937 0.138051 0.295449
 531.000000 0.094900 0.181975 0.302711 0.138571 0.239729
 532.000000 0.092747 0.175931 0.302381 0.133045 0.230141
 533.000000 0.100424 0.169906 0.289829 0.133992 0.282340
 534.000000 0.101340 0.195451 0.277995 0.134361 0.283743
 535.000000 0.091739 0.191042 0.299728 0.137768 0.320721
 536.000000 0.093402 0.194815 0.301468 0.139230 0.288524
 537.000000 0.087659 0.186850 0.263890 0.141386 0.251843
 538.000000 0.089907 0.204178 0.278844 0.137423 0.286358
 539.000000 0.099870 0.205025 0.271789 0.134833 0.279719
 540.000000 0.101494 0.200422 0.301324 0.135488 0.309146
 541.000000 0.092054 0.203104 0.303592 0.138856 0.304066
 542.000000 0.091028 0.198610 0.299107 0.138831 0.257765
 543.000000 0.087046 0.207290 0.304875 0.140720 0.257777
 544.000000 0.101809 0.215782 0.300924 0.140996 0.276400
 545.000000 0.093301 0.163677 0.304936 0.137804 0.251782
 546.000000 0.094662 0.202644 0.310889 0.137477 0.246919
 547.000000 0.096545 0.169614 0.269379 0.138996 0.266363
 548.000000 0.094784 0.174476 0.319114 0.143457 0.253259
 549.000000 0.095441 0.163716 0.313391 0.140417 0.249437
 550.000000 0.091810 0.200247 0.299133 0.132944 0.248960
 551.000000 0.091318 0.194057 0.274849 0.135122 0.307941
 552.000000 0.089683 0.195872 0.288292 0.139014 0.240884
 553.000000 0.089465 0.206075 0.298319 0.139893 0.252297
 554.000000 0.094069 0.165681 0.284888 0.133581 0.296696
 555.000000 0.093156 0.212768 0.300490 0.137931 0.306094
 556.000000 0.099081 0.211483 0.289676 0.134822 0.313058
 557.000000 0.091378 0.216144 0.252232 0.135473 0.302929
 558.000000 0.098914 0.189539 0.270354 0.140901 0.258105
 559.000000 0.102292 0.163612 0.281734 0.139553 0.307234
 560.000000 0.098944 0.181785 0.248946 0.141732 0.276109
 561.000000 0.097750 0.178575 0.268451 0.145245 0.310797
 562.000000 0.095053 0.207290 0.267211 0.136510 0.263621
 563.000000 0.097263 0.211339 0.284079 0.141492 0.297517
 564.000000 0.096861 0.158546 0.298117 0.143670 0.268338
 565.000000 0.092059 0.178471 0.310364 0.136854 0.232045
 566.000000 0.091400 0.151423 0.276045 0.137208 0.260131
 567.000000 0.092011 0.156914 0.280788 0.135392 0.279229
 568.000000 0.101728 0.163417 0.297694 0.139431 0.257723
 569.000000 0.091766 0.175741 0.248936 0.137292 0.276695
 570.000000 0.088148 0.214019 0.284466 0.142762 0.262065
 571.000000 0.090288 0.178897 0.279954 0.148246 0.309081
 572.000000 0.094816 0.170397 0.276805 0.140143 0.257501
 573.000000 0.092331 0.194407 0.275053 0.132333 0.279659
 574.000000 0.094032 0.211559 0.308449 0.141018 0.276560
 575.000000 0.088893 0.211682 0.287085 0.136459 0.282211
 576.000000 0.093301 0.171645 0.270675 0.140078 0.265070
 577.000000 0.096140 0.173197 0.294854 0.141411 0.309874
 578.000000 0.099116 0.176810 0.324387 0.138163 0.278284
 579.000000 0.098564 0.199815 0.273251 0.138322 0.264153
 580.000000 0.094096 0.177623 0.287120 0.141753 0.270766
 581.000000 0.096234 0.197507 0.295659 0.133049 0.266998
 582.000000 0.091989 0.164368 0.272536 0.141563 0.269307
 583.000000 0.094154 0.170370 0.279417 0.136066 0.265680
 584.000000 0.094451 0.147767 0.299293 0.142576 0.249433
 585.000000 0.099343 0.215476 0.288550 0.141687 0.262025
 586.000000 0.098499 0.182606 0.296494 0.139363 0.256533
 587.000000 0.101763 0.169452 0.271186 0.148600 0.285766
 588.000000 0.097434 0.183981 0.290209 0.142569 0.269598
 589.000000 0.099317 0.182915 0.287739 0.137989 0.284735
 590.000000 0.094927 0.164663 0.314771 0.140018 0.277113
 591.000000 0.095682 0.206080 0.316989 0.135665 0.280032
 592.000000 0.094372 0.214907 0.298374 0.139861 0.306821
 593.000000 0.094244 0.173836 0.284747 0.137437 0.266693
 594.000000 0.100762 0.158423 0.294043 0.138989 0.272533
 595.000000 0.098686 0.161734 0.262587 0.137368 0.299531
 596.000000 0.097396 0.165668 0.275525 0.141567 0.316035
 597.000000 0.090824 0.152886 0.273602 0.138366 0.280971
 598.000000 0.094435 0.170426 0.266852 0.141471 0.263623
 599.000000 0.096198 0.187227 0.300563 0.157337 0.312867
 600.000000 0.098473 0.159650 0.311368 0.144520 0.305552
 601.000000 0.092941 0.148391 0.290741 0.133150 0.320506
 602.000000 0.090785 0.150326 0.275748 0.134919 0.263723
 603.000000 0.096959 0.161006 0.297708 0.138463 0.248341
 604.000000 0.095651 0.153447 0.289995 0.149900 0.227855
 605.000000 0.098762 0.189832 0.309215 0.136106 0.250992
 606.000000 0.094106 0.154680 0.290443 0.141435 0.270209
 607.000000 0.090178 0.169101 0.297936 0.139707 0.263904
 608.000000 0.090255 0.144558 0.284621 0.138928 0.279517
 609.000000 0.093456 0.167574 0.285886 0.138978 0.224013
 610.000000 0.093861 0.194592 0.317079 0.139804 0.271238
 611.000000 0.094916 0.188069 0.306204 0.141071 0.290770
 612.000000 0.097376 0.168478 0.289365 0.149643 0.258262
 613.000000 0.096566 0.192691 0.312492 0.137426 0.331563
 614.000000 0.091657 0.196071 0.307329 0.139140 0.295493
 615.000000 0.098265 0.166196 0.301232 0.146014 0.272399
 616.000000 0.096483 0.183589 0.293012 0.141725 0.287421
 617.000000 0.087441 0.194139 0.285989 0.136557 0.255067
 618.000000 0.106140 0.195683 0.312300 0.136330 0.286740
 619.000000 0.101774 0.198577 0.288806 0.136722 0.279355
 620.000000 0.094842 0.237893 0.273458 0.141655 0.272753
 621.000000 0.096623 0.265190 0.246532 0.140235 0.242794
 622.000000 0.087441 0.194139 0.285989 0.136557 0.255067
 623.000000 0.095948 0.210062 0.275527 0.142373 0.222955
 624.000000 0.099478 0.179847 0.267408 0.137572 0.276766
 625.000000 0.093654 0.174198 0.270217 0.136415 0.261222
 626.000000 0.093703 0.201124 0.294137 0.137790 0.267227
 627.000000 0.092872 0.195706 0.318336 0.141145 0.280225
 628.000000 0.090360 0.248375 0.260832 0.142285 0.225568
 629.000000 0.091000 0.229741 0.255887 0.145633 0.273057
 630.000000 0.091592 0.193385 0.254843 0.135189 0.262408
 631.000000 0.098005 0.175872 0.271339 0.136070 0.297608
 632.000000 0.093819 0.190979 0.266796 0.137906 0.277089
 633.000000 0.094520 0.184483 0.277624 0.133600 0.286328
 634.000000 0.095948 0.188544 0.298424 0.137124 0.300742
 635.000000 0.098715 0.155782 0.282590 0.139478 0.299120
 636.000000 0.098026 0.177578 0.282288 0.134183 0.267951
 637.000000 0.093499 0.267524 0.253563 0.142509 0.265241
 638.000000 0.097005 0.228884 0.278241 0.145275 0.232196
 639.000000 0.099694 0.175673 0.291041 0.135562 0.293902
 640.000000 0.098980 0.156121 0.292036 0.137350 0.258784
 641.000000 0.098939 0.149456 0.302835 0.136956 0.280462
 642.000000 0.096778 0.185739 0.310174 0.136785 0.282599
 643.000000 0.094663 0.165789 0.297740 0.146864 0.244240
 644.000000 0.095068 0.195021 0.283785 0.135871 0.246538
 645.000000 0.094747 0.154948 0.310177 0.138788 0.313994
 646.000000 0.094451 0.206342 0.303727 0.141028 0.281032
 647.000000 0.093263 0.171412 0.261454 0.142148 0.287784
 648.000000 0.094011 0.219795 0.253253 0.140071 0.298773
 649.000000 0.100324 0.179717 0.300255 0.138152 0.308407
 650.000000 0.098939 0.159499 0.294208 0.136653 0.267359
 651.000000 0.095901 0.183426 0.306486 0.131248 0.279276
 652.000000 0.093995 0.171097 0.275198 0.133604 0.295046
 653.000000 0.094639 0.172247 0.278413 0.135618 0.316841
 654.000000 0.096840 0.189262 0.258397 0.139660 0.257715
 655.000000 0.095446 0.179560 0.257200 0.139531 0.266865
 656.000000 0.096405 0.220050 0.244612 0.153039 0.279102
 657.000000 0.094037 0.241458 0.279263 0.139621 0.348541
 658.000000 0.095277 0.241481 0.254961 0.142916 0.277480
 659.000000 0.095629 0.234549 0.238449 0.148209 0.321904
 660.000000 0.095937 0.195023 0.237813 0.138975 0.254592
 661.000000 0.095988 0.200893 0.271808 0.139334 0.304547
 662.000000 0.087441 0.194139 0.285989 0.136557 0.255067
 663.000000 0.103986 0.219287 0.294163 0.135237 0.266684
 664.000000 0.087441 0.194139 0.285989 0.136557 0.255067
 665.000000 0.104756 0.189191 0.294416 0.132657 0.275053
 666.000000 0.087441 0.194139 0.285989 0.136557 0.255067
 667.000000 0.103314 0.211476 0.303004 0.140847 0.264432
 668.000000 0.087441 0.194139 0.285989 0.136557 0.255067
 669.000000 0.101641 0.217906 0.308743 0.139122 0.283238
 670.000000 0.091728 0.215188 0.294061 0.131552 0.279537
 671.000000 0.089738 0.217674 0.272316 0.137655 0.297746
 672.000000 0.098112 0.197634 0.290334 0.135992 0.267749
 673.000000 0.090233 0.189212 0.297472 0.139693 0.265906
 674.000000 0.094244 0.149970 0.287195 0.145179 0.300726
 675.000000 0.093263 0.210023 0.283496 0.138188 0.288182
 676.000000 0.087441 0.194139 0.285989 0.136557 0.255067
 677.000000 0.095859 0.217223 0.297863 0.141528 0.247554
 678.000000 0.097355 0.196888 0.301068 0.139140 0.257399
 679.000000 0.098309 0.221843 0.293973 0.143025 0.257366
 680.000000 0.091307 0.193665 0.282844 0.139735 0.232163
 681.000000 0.094837 0.159402 0.293894 0.137673 0.279183
 682.000000 0.092071 0.171313 0.294314 0.144724 0.276870
 683.000000 0.092483 0.168728 0.296624 0.145027 0.287435
 684.000000 0.103740 0.194157 0.321003 0.143210 0.295238
 685.000000 0.101946 0.194677 0.271831 0.136547 0.262644
 686.000000 0.093600 0.182858 0.268289 0.142587 0.286547
 687.000000 0.098163 0.172203 0.258909 0.139417 0.302061
 688.000000 0.098961 0.241018 0.274600 0.142899 0.311355
 689.000000 0.093135 0.163416 0.297263 0.144225 0.312028
 690.000000 0.094705 0.191170 0.254381 0.134751 0.295980
 691.000000 0.098417 0.184177 0.265034 0.131746 0.242983
 692.000000 0.094446 0.195451 0.306299 0.137583 0.246457
 693.000000 0.095467 0.184404 0.315889 0.140250 0.247269
 694.000000 0.097124 0.162705 0.288288 0.139517 0.286751
 695.000000 0.089409 0.224753 0.283531 0.136576 0.301477
 696.000000 0.095859 0.200407 0.300601 0.136492 0.238021
 697.000000 0.097924 0.172743 0.287181 0.133810 0.282859
 698.000000 0.094027 0.178216 0.283727 0.135636 0.253245
 699.000000 0.091137 0.180513 0.277980 0.141739 0.330985
 700.000000 0.091290 0.180091 0.265183 0.137291 0.270788
 701.000000 0.091329 0.172792 0.305622 0.137117 0.283935
 702.000000 0.093915 0.172641 0.274027 0.137212 0.281874
 703.000000 0.095294 0.177073 0.259702 0.138105 0.289380
 704.000000 0.092957 0.246199 0.268734 0.138438 0.304016
 705.000000 0.097144 0.243218 0.252290 0.139678 0.326322
 706.000000 0.095973 0.233619 0.262913 0.131385 0.305172
 707.000000 0.097550 0.224980 0.277045 0.139732 0.292266
 708.000000 0.095651 0.183455 0.316888 0.138975 0.326259
 709.000000 0.087441 0.194139 0.285989 0.136557 0.255067
 710.000000 0.094916 0.218582 0.296481 0.135827 0.275542
 711.000000 0.090758 0.185480 0.307472 0.140346 0.281273
 712.000000 0.089950 0.178222 0.311372 0.138687 0.275874
 713.000000 0.093493 0.171773 0.286384 0.133918 0.255133
 714.000000 0.100802 0.182562 0.278794 0.138845 0.297921
 715.000000 0.090647 0.197434 0.309776 0.141198 0.271446
 716.000000 0.095908 0.170226 0.263221 0.136898 0.277181
 717.000000 0.095068 0.214911 0.301959 0.133668 0.290080
 718.000000 0.095922 0.237137 0.280464 0.146140 0.301347
 719.000000 0.094916 0.227939 0.287967 0.137993 0.270603
 720.000000 0.095467 0.224780 0.286798 0.139971 0.265769
 721.000000 0.097175 0.183799 0.284208 0.146328 0.287421
 722.000000 0.095844 0.171529 0.304948 0.144845 0.272402
 723.000000 0.095885 0.194674 0.293794 0.141880 0.249459
 724.000000 0.096979 0.151558 0.278543 0.135433 0.295440
 725.000000 0.096767 0.180876 0.289249 0.137353 0.310334
 726.000000 0.098282 0.188754 0.294260 0.143638 0.322845
 727.000000 0.093920 0.178684 0.302008 0.139660 0.308051
 728.000000 0.094829 0.183489 0.258876 0.154609 0.281400
 729.000000 0.095163 0.194792 0.308477 0.142832 0.262139
 730.000000 0.098686 0.176199 0.300335 0.137452 0.291547
 731.000000 0.094340 0.191188 0.301181 0.135978 0.289546
 732.000000 0.094260 0.216437 0.283079 0.138495 0.262362
 733.000000 0.096587 0.209210 0.300995 0.140218 0.340073
 734.000000 0.096529 0.200567 0.299600 0.139029 0.275772
 735.000000 0.094244 0.193956 0.274754 0.135166 0.286274
 736.000000 0.097489 0.177882 0.256916 0.137706 0.275801
 737.000000 0.093236 0.174637 0.253894 0.134224 0.306392
 738.000000 0.100493 0.180613 0.251215 0.139072 0.315228
 739.000000 0.091022 0.234787 0.282083 0.139295 0.323155
 740.000000 0.101160 0.208916 0.234881 0.138658 0.263350
 741.000000 0.095321 0.201415 0.248425 0.140691 0.298732
 742.000000 0.095300 0.188476 0.258977 0.146304 0.266550
 743.000000 0.095042 0.185154 0.238740 0.136070 0.307428
 744.000000 0.095037 0.183216 0.256580 0.136854 0.285182
 745.000000 0.095603 0.177124 0.249570 0.133570 0.292998
 746.000000 0.095053 0.175616 0.269306 0.139072 0.280168
 747.000000 0.087441 0.194139 0.285989 0.136557 0.255067
 748.000000 0.093043 0.203740 0.287436 0.137033 0.266694
 749.000000 0.087441 0.194139 0.285989 0.136557 0.255067
 750.000000 0.094831 0.202672 0.291297 0.139032 0.274911
 751.000000 0.095713 0.176253 0.256955 0.143202 0.292487
 752.000000 0.099843 0.213150 0.252580 0.142678 0.257440
 753.000000 0.097985 0.168434 0.273725 0.137685 0.245489
 754.000000 0.097273 0.165399 0.271799 0.137732 0.283692
 755.000000 0.099980 0.155502 0.314352 0.139007 0.297170
 756.000000 0.095336 0.179380 0.249132 0.140445 0.294015
 757.000000 0.096338 0.231009 0.269905 0.139889 0.282215
 758.000000 0.096051 0.203651 0.291618 0.138744 0.320706
 759.000000 0.097062 0.160630 0.278390 0.140762 0.292257
 760.000000 0.096338 0.151139 0.290510 0.148179 0.294309
 761.000000 0.094979 0.173058 0.297165 0.140592 0.270150
 762.000000 0.098494 0.154664 0.300482 0.143614 0.292028
 763.000000 0.098509 0.173084 0.308326 0.142278 0.235725
 764.000000 0.097227 0.173396 0.290704 0.143948 0.284593
 765.000000 0.098919 0.172398 0.265468 0.135222 0.267492
 766.000000 0.097617 0.163701 0.316938 0.144589 0.310086
 767.000000 0.093867 0.202322 0.313697 0.140210 0.284925
 768.000000 0.096338 0.172745 0.271131 0.134885 0.254250
 769.000000 0.095843 0.152348 0.309147 0.140815 0.303180
 770.000000 0.091989 0.179594 0.311081 0.142499 0.243403
 771.000000 0.100518 0.180624 0.315247 0.136088 0.225231
 772.000000 0.092940 0.193238 0.317474 0.150240 0.258492
 773.000000 0.095969 0.187683 0.300603 0.142499 0.252304
 774.000000 0.099227 0.175630 0.274551 0.143573 0.280637
 775.000000 0.100769 0.170514 0.281078 0.145265 0.265573
 776.000000 0.093258 0.184358 0.275982 0.132095 0.285692
 777.000000 0.098107 0.194674 0.315522 0.139359 0.259996
 778.000000 0.094715 0.170144 0.304928 0.142692 0.295851
 779.000000 0.097329 0.195105 0.302048 0.138261 0.240992
 780.000000 0.096850 0.165427 0.278002 0.138336 0.288950
 781.000000 0.098863 0.198880 0.273035 0.138586 0.290590
 782.000000 0.087441 0.194139 0.285989 0.136557 0.255067
 783.000000 0.105000 0.217234 0.303750 0.135488 0.266915
 784.000000 0.106202 0.207752 0.306499 0.139893 0.280659
 785.000000 0.085141 0.218387 0.290195 0.136989 0.260622
 786.000000 0.095226 0.178466 0.273805 0.140961 0.300082
 787.000000 0.100454 0.190066 0.256661 0.134276 0.272958
 788.000000 0.093005 0.208895 0.242510 0.135739 0.274234
 789.000000 0.092282 0.171467 0.301536 0.141315 0.260486
 790.000000 0.087441 0.194139 0.285989 0.136557 0.255067
 791.000000 0.091989 0.190720 0.285261 0.134907 0.275195
 792.000000 0.096551 0.215012 0.270126 0.141166 0.280439
 793.000000 0.092022 0.170194 0.297043 0.137353 0.294308
 794.000000 0.100757 0.180105 0.263556 0.139467 0.295319
 795.000000 0.088442 0.147353 0.282556 0.130254 0.278377
 796.000000 0.093108 0.204485 0.294886 0.134540 0.224198
 797.000000 0.099644 0.212589 0.279337 0.138022 0.232813
 798.000000 0.089543 0.194330 0.234715 0.145771 0.220036
 799.000000 0.099252 0.171636 0.281343 0.138669 0.267406
 800.000000 0.091897 0.177344 0.299563 0.137659 0.286428
 801.000000 0.099383 0.214644 0.309692 0.139245 0.276107
 802.000000 0.093322 0.192468 0.283313 0.140218 0.262339
 803.000000 0.095467 0.247469 0.264095 0.135595 0.251559
 804.000000 0.095593 0.215485 0.270189 0.135797 0.272958
 805.000000 0.090939 0.220098 0.308094 0.146990 0.289112
 806.000000 0.096897 0.214574 0.304829 0.138788 0.263625
 807.000000 0.095823 0.215503 0.282245 0.134555 0.280879
 808.000000 0.097129 0.208110 0.316819 0.144264 0.276025
 809.000000 0.096233 0.244763 0.267574 0.141884 0.301694
 810.000000 0.092833 0.183516 0.278866 0.141322 0.254372
 811.000000 0.099227 0.153056 0.282903 0.133248 0.266255
 812.000000 0.093365 0.189866 0.314776 0.139331 0.274089
 813.000000 0.103552 0.153782 0.275532 0.136180 0.296201
 814.000000 0.096441 0.255331 0.263061 0.136433 0.244499
 815.000000 0.095713 0.215191 0.289131 0.140200 0.276556
 816.000000 0.091755 0.201688 0.298481 0.144783 0.255069
 817.000000 0.098590 0.176666 0.276935 0.139341 0.259267
 818.000000 0.098509 0.165052 0.277867 0.135621 0.258998
 819.000000 0.093904 0.150326 0.273267 0.132220 0.275579
 820.000000 0.097862 0.163132 0.276120 0.144572 0.263864
 821.000000 0.097623 0.200365 0.295643 0.141188 0.287338
 822.000000 0.095984 0.191473 0.317270 0.135628 0.308870
 823.000000 0.094578 0.218131 0.270414 0.136073 0.264698
 824.000000 0.094598 0.178239 0.267741 0.135805 0.299603
 825.000000 0.096768 0.187296 0.295217 0.136356 0.251788
 826.000000 0.094181 0.200153 0.291029 0.134659 0.264493
 827.000000 0.095005 0.197843 0.298973 0.139040 0.266167
 828.000000 0.094138 0.175585 0.289816 0.135742 0.294365
 829.000000 0.096623 0.181838 0.304514 0.136763 0.271169
 830.000000 0.093981 0.178239 0.272040 0.138687 0.285894
 831.000000 0.094697 0.169251 0.253158 0.140304 0.301009
 832.000000 0.096338 0.176808 0.322289 0.141824 0.319751
 833.000000 0.093557 0.166069 0.259632 0.137058 0.289233
 834.000000 0.095163 0.183426 0.304591 0.146240 0.265206
 835.000000 0.093011 0.184117 0.300842 0.140417 0.277284
 836.000000 0.095467 0.159091 0.272575 0.137656 0.295342
 837.000000 0.097263 0.151489 0.299076 0.137146 0.255627
 838.000000 0.093199 0.170464 0.263585 0.133724 0.279332
 839.000000 0.094689 0.169532 0.292624 0.143795 0.290355
 840.000000 0.093450 0.184732 0.298767 0.140904 0.279891
 841.000000 0.094726 0.190329 0.291981 0.138741 0.285427
 842.000000 0.096260 0.178084 0.269386 0.133102 0.288628
 843.000000 0.097866 0.180948 0.280637 0.139771 0.316286
 844.000000 0.094202 0.198811 0.286123 0.136635 0.272156
 845.000000 0.095990 0.178670 0.307828 0.133660 0.285201
 846.000000 0.095812 0.220084 0.276614 0.134663 0.293314
 847.000000 0.096307 0.180546 0.260482 0.138788 0.272848
 848.000000 0.094705 0.181293 0.267489 0.136587 0.264532
 849.000000 0.094689 0.180014 0.301688 0.138672 0.287501
 850.000000 0.093563 0.200183 0.314602 0.136967 0.247828
 851.000000 0.095894 0.168698 0.277831 0.139990 0.317168
 852.000000 0.096229 0.185281 0.311580 0.141071 0.311530
 853.000000 0.094657 0.219880 0.261069 0.137299 0.307280
 854.000000 0.095671 0.206761 0.305891 0.143349 0.254655
 855.000000 0.092493 0.209203 0.287195 0.134622 0.270527
 856.000000 0.096468 0.207376 0.303422 0.135444 0.262413
 857.000000 0.087441 0.194139 0.285989 0.136557 0.255067
 858.000000 0.099780 0.190738 0.307306 0.142857 0.271926
 859.000000 0.087441 0.194139 0.285989 0.136557 0.255067
 860.000000 0.095906 0.207860 0.298285 0.138892 0.271766
 861.000000 0.096566 0.195816 0.299361 0.138163 0.279610
 862.000000 0.095257 0.171956 0.249852 0.136359 0.306313
 863.000000 0.092768 0.202921 0.238405 0.140057 0.317091
 864.000000 0.096483 0.190539 0.230419 0.135687 0.273761
 865.000000 0.099704 0.184101 0.239033 0.134454 0.270186
 866.000000 0.093016 0.175488 0.249527 0.135816 0.282457
 867.000000 0.098135 0.185941 0.250328 0.138982 0.322678
 868.000000 0.096747 0.177170 0.265228 0.141414 0.288680
 869.000000 0.098339 0.202198 0.248777 0.138741 0.305892
 870.000000 0.097849 0.197431 0.308464 0.142972 0.342142
 871.000000 0.100976 0.214450 0.298838 0.143395 0.269752
 872.000000 0.099524 0.204849 0.310831 0.140809 0.333038
 873.000000 0.100120 0.219759 0.307248 0.135901 0.299660
 874.000000 0.100901 0.192070 0.295266 0.143621 0.251098
 875.000000 0.092027 0.134915 0.308373 0.135311 0.312507
 876.000000 0.092876 0.157861 0.318767 0.145788 0.323935
 877.000000 0.090874 0.179120 0.259811 0.139835 0.283049
 878.000000 0.095546 0.172256 0.298607 0.140989 0.323535
 879.000000 0.093048 0.192255 0.298690 0.139492 0.274754
 880.000000 0.093488 0.166742 0.304707 0.137452 0.277851
 881.000000 0.092331 0.166045 0.317460 0.133899 0.307176
 882.000000 0.089364 0.191445 0.306381 0.134640 0.318837
 883.000000 0.092552 0.169547 0.281950 0.142920 0.265319
 884.000000 0.094155 0.210877 0.301243 0.139775 0.332297
 885.000000 0.091269 0.217000 0.304086 0.144547 0.265761
 886.000000 0.093413 0.203797 0.301098 0.139757 0.296569
 887.000000 0.093242 0.159025 0.319039 0.142846 0.304344
 888.000000 0.090978 0.185919 0.304142 0.146233 0.337370
 889.000000 0.097698 0.160892 0.290007 0.145165 0.297439
 890.000000 0.089532 0.181469 0.290995 0.143767 0.328410
 891.000000 0.089426 0.183638 0.278138 0.150153 0.300601
 892.000000 0.093584 0.185205 0.301149 0.141538 0.340279
 893.000000 0.094715 0.200831 0.317984 0.140189 0.292899
 894.000000 0.097928 0.164691 0.308133 0.145880 0.339041
 895.000000 0.091334 0.214890 0.307625 0.139693 0.296868
 896.000000 0.095110 0.221443 0.273068 0.137659 0.260655
 897.000000 0.096142 0.166187 0.288950 0.137608 0.284826
 898.000000 0.096586 0.200322 0.315041 0.144035 0.331140
 899.000000 0.092363 0.159343 0.303132 0.141753 0.300410
 900.000000 0.099348 0.170892 0.316031 0.137277 0.291777
 901.000000 0.096587 0.202795 0.307059 0.140364 0.293336
 902.000000 0.090543 0.206826 0.290725 0.142499 0.251637
 903.000000 0.097804 0.190105 0.288014 0.139907 0.256652
 904.000000 0.094133 0.188290 0.313185 0.142397 0.336858
 905.000000 0.087441 0.194139 0.285989 0.136557 0.255067
 906.000000 0.103165 0.149800 0.289567 0.136664 0.262816
 907.000000 0.094133 0.221876 0.278972 0.134004 0.290838
 908.000000 0.096593 0.253133 0.265633 0.135033 0.333385
 909.000000 0.097191 0.182932 0.307646 0.133948 0.288860
 910.000000 0.095016 0.241392 0.259295 0.141368 0.262404
 911.000000 0.096685 0.213026 0.285440 0.135207 0.306297
 912.000000 0.095781 0.164433 0.325384 0.133120 0.309652
 913.000000 0.095794 0.194281 0.297760 0.147278 0.268511
 914.000000 0.095635 0.211492 0.291873 0.142832 0.302012
 915.000000 0.094374 0.195423 0.290412 0.134439 0.268591
 916.000000 0.094578 0.190633 0.263583 0.142734 0.271827
 917.000000 0.097231 0.190129 0.304447 0.149094 0.303444
 918.000000 0.098817 0.198255 0.273800 0.138094 0.287314
 919.000000 0.093097 0.199409 0.308367 0.135118 0.260653
 920.000000 0.093734 0.220567 0.291494 0.142986 0.237331
 921.000000 0.094594 0.174866 0.262545 0.137350 0.252164
 922.000000 0.097746 0.248618 0.275381 0.141003 0.257748
 923.000000 0.095530 0.191942 0.291680 0.140570 0.248859
 924.000000 0.095168 0.190016 0.278383 0.136569 0.251676
 925.000000 0.097306 0.203551 0.241075 0.142102 0.284693
 926.000000 0.096457 0.191651 0.299775 0.138181 0.265983
 927.000000 0.095650 0.218508 0.295435 0.141160 0.241588
 928.000000 0.096887 0.248292 0.266393 0.141739 0.312605
 929.000000 0.094942 0.192629 0.236368 0.145664 0.301889
 930.000000 0.097183 0.200340 0.238652 0.135178 0.246481
 931.000000 0.097844 0.184640 0.244485 0.140064 0.286504
